algebra: 635 26 0 53 0 0 correct
array.chunk: 658 5 0 14 0 0 correct
array-last: 599 11 0 53 0 0 correct
array-range: 352 6 0 18 0 0 correct
arr-diff: 574 5 0 67 0 0 correct
arr-flatten: 599 5 0 967 0 0 correct
concat-stream: 444 19 2 474 26 0.05856 correct
deep-bind: 749 7 0 7 0 0 correct
file-size: 752 7 1 287 2 0.00266 correct
fs-promise: 611 8 135 446 168 0.27496 correct
get-value: 627 10 0 1022 0 0 correct
group-array: 746 17 0 1890 0 0 correct
has-key-deep: 574 2 0 2 0 0 correct
has-value: 599 9 0 143 0 0 correct
he: 448 8 6 306 7 0.01563 correct
identity-function: 473 2 0 2 0 0 correct
in-array: 574 2 0 2 0 0 correct
is-empty-object: 394 8 0 23 0 0 correct
is-generator: 601 2 2 4 3 0.00499 correct
is-number: 599 5 0 177 0 0 correct
is-promise: 504 2 0 2 0 0 correct
is-sorted: 444 7 0 69 0 0 correct
left-pad: 352 2 0 2 0 0 correct
missing-deep-keys: 749 6 0 8 0 0 correct
missing-deep-keys: 419 6 2 8 3 0.00716 correct
ndarray: 427 13 0 110 0 0 correct
node-du: 381 7 0 11 0 0 correct
node-glob: 374 17 0 41 0 0 correct
node-glob: 374 19 0 45 0 0 correct
node-glob: 374 26 0 121 0 0 correct
node-glob: 374 26 0 499 0 0 correct
node-glob: 586 26 0 186 0 0 correct
node-glob: 374 21 0 55 0 0 correct
node-glob: 374 19 0 49 0 0 correct
node-glob: 380 19 0 43 0 0 correct
node-glob: 374 26 0 465 0 0 correct
node-glob: 380 26 0 2456 0 0 correct
node-glob: 374 19 0 43 0 0 correct
node-glob: 374 22 0 69 0 0 correct
node-glob: 374 26 0 276 0 0 correct
node-glob: 374 26 0 201 0 0 correct
node-glob: 586 24 0 255 0 0 correct
node-glob: 374 19 0 43 0 0 correct
node-glob: 374 24 0 109 0 0 correct
node-glob: 374 26 0 325 0 0 correct
node-glob: 374 19 0 49 0 0 correct
node-glob: 374 26 0 319 0 0 correct
node-glob: 374 19 0 43 0 0 correct
node-glob: 380 28 0 2793 0 0 correct
node-glob: 374 26 0 189 0 0 correct
node-glob: 374 26 0 408 0 0 correct
node-glob: 380 21 0 48 0 0 correct
node-glob: 374 19 0 43 0 0 correct
node-glob: 374 19 0 45 0 0 correct
node-glob: 374 17 0 41 0 0 correct
node-slug: 725 7 1 21 2 0.00276 correct
node-stream-spigot: 450 10 0 27 0 0 correct
not-defined: 352 7 0 24 0 0 correct
once: 551 7 0 13 0 0 correct
pad-left: 575 5 0 5 0 0 correct
pad-left-simple: 599 4 0 8 0 0 correct
parse-next-json-value: 497 5 0 5 0 0 correct
periods: 352 1 14 14 14 0.03977 correct
property-validator: 576 10 0 20 0 0 correct
rimraf: 356 10 0 16 0 0 correct
rimraf: 552 10 0 16 0 0 correct
rimraf: 356 10 0 16 0 0 correct
rtrim: 599 2 0 2 0 0 correct
schema-inspector: 749 5 0 5 0 0 correct
set-value: 600 14 3 331 70 0.11667 correct
static-props: 472 5 2 22 2 0.00424 correct
syncthrough: 501 10 2 22 2 0.00399 correct
through2: 441 12 2 72 2 0.00454 correct
through2-map: 394 6 0 14 0 0 correct
time-stamp: 600 6 0 164 0 0 correct
unordered-array-remove: 473 2 0 2 0 0 correct
zipmap: 574 9 3 43 6 0.01045 correct
