algebra: 699 26 0 53 0 0 correct
array.chunk: 753 5 0 14 0 0 correct
array-last: 664 11 0 53 0 0 correct
array-range: 362 6 0 18 0 0 correct
arr-diff: 637 5 0 67 0 0 correct
arr-flatten: 664 5 0 967 0 0 correct
concat-stream: 459 19 2 474 26 0.05664 correct
deep-bind: 852 7 0 7 0 0 correct
file-size: 818 7 1 287 2 0.00244 correct
fs-promise: 679 8 135 446 168 0.24742 correct
get-value: 704 10 0 1022 0 0 correct
group-array: 846 17 0 1890 0 0 correct
has-key-deep: 637 2 0 2 0 0 correct
has-value: 664 9 0 143 0 0 correct
he: 458 8 6 306 7 0.01528 correct
identity-function: 513 2 0 2 0 0 correct
in-array: 637 2 0 2 0 0 correct
is-empty-object: 410 8 0 23 0 0 correct
is-generator: 666 2 2 4 3 0.0045 correct
is-number: 664 5 0 177 0 0 correct
is-promise: 563 2 0 2 0 0 correct
is-sorted: 459 7 0 69 0 0 correct
left-pad: 362 2 0 2 0 0 correct
missing-deep-keys: 852 6 0 8 0 0 correct
missing-deep-keys: 991 6 2 8 3 0.00303 correct
ndarray: 454 13 0 110 0 0 correct
node-du: 394 7 0 11 0 0 correct
node-glob: 380 17 0 41 0 0 correct
node-glob: 380 19 0 45 0 0 correct
node-glob: 380 26 0 121 0 0 correct
node-glob: 380 26 0 499 0 0 correct
node-glob: 795 26 0 186 0 0 correct
node-glob: 380 21 0 55 0 0 correct
node-glob: 380 19 0 49 0 0 correct
node-glob: 390 19 0 43 0 0 correct
node-glob: 380 26 0 465 0 0 correct
node-glob: 390 26 0 2456 0 0 correct
node-glob: 380 19 0 43 0 0 correct
node-glob: 380 22 0 69 0 0 correct
node-glob: 380 26 0 276 0 0 correct
node-glob: 380 26 0 201 0 0 correct
node-glob: 795 24 0 255 0 0 correct
node-glob: 380 19 0 43 0 0 correct
node-glob: 380 24 0 109 0 0 correct
node-glob: 380 26 0 325 0 0 correct
node-glob: 380 19 0 49 0 0 correct
node-glob: 380 26 0 319 0 0 correct
node-glob: 380 19 0 43 0 0 correct
node-glob: 390 28 0 2793 0 0 correct
node-glob: 380 26 0 189 0 0 correct
node-glob: 380 26 0 408 0 0 correct
node-glob: 390 21 0 48 0 0 correct
node-glob: 380 19 0 43 0 0 correct
node-glob: 380 19 0 45 0 0 correct
node-glob: 380 17 0 41 0 0 correct
node-slug: 816 7 1 21 2 0.00245 correct
node-stream-spigot: 505 10 0 27 0 0 correct
not-defined: 362 7 0 24 0 0 correct
once: 621 7 0 13 0 0 correct
pad-left: 641 5 0 5 0 0 correct
pad-left-simple: 664 4 0 8 0 0 correct
parse-next-json-value: 537 5 0 5 0 0 correct
periods: 362 1 14 14 14 0.03867 correct
property-validator: 645 10 0 20 0 0 correct
rimraf: 366 10 0 16 0 0 correct
rimraf: 762 10 0 16 0 0 correct
rimraf: 366 10 0 16 0 0 correct
rtrim: 664 2 0 2 0 0 correct
schema-inspector: 852 5 0 5 0 0 correct
set-value: 668 14 3 331 70 0.10479 correct
static-props: 508 5 2 22 2 0.00394 correct
syncthrough: 541 10 2 22 2 0.0037 correct
through2: 479 12 2 72 2 0.00418 correct
through2-map: 410 6 0 14 0 0 correct
time-stamp: 668 6 0 164 0 0 correct
unordered-array-remove: 513 2 0 2 0 0 correct
zipmap: 637 9 3 43 6 0.00942 correct
