algebra: 677 26 0 53 0 0 correct
array.chunk: 866 5 0 14 0 0 correct
array-last: 623 11 0 53 0 0 correct
array-range: 366 4 2 16 2 0.00546 correct
arr-diff: 600 5 0 67 0 0 correct
arr-flatten: 623 5 0 967 0 0 correct
concat-stream: 464 19 2 474 26 0.05603 correct
deep-bind: 996 7 0 7 0 0 correct
file-size: 814 7 1 287 2 0.00246 correct
fs-promise: 638 8 135 446 168 0.26332 correct
get-value: 678 10 0 1022 0 0 correct
group-array: 980 17 0 1890 0 0 correct
has-key-deep: 600 2 0 2 0 0 correct
has-value: 623 9 0 143 0 0 correct
he: 462 8 6 305 8 0.01732 correct
identity-function: 526 2 0 2 0 0 correct
in-array: 600 2 0 2 0 0 correct
is-empty-object: 414 6 2 21 2 0.00483 correct
is-generator: 625 2 2 4 3 0.0048 correct
is-number: 623 5 0 177 0 0 correct
is-promise: 559 2 0 2 0 0 correct
is-sorted: 464 7 0 69 0 0 correct
missing-deep-keys: 998 6 0 8 0 0 correct
missing-deep-keys: 1113 6 2 8 3 0.0027 correct
ndarray: 479 13 0 110 0 0 correct
node-du: 406 5 2 9 2 0.00493 correct
node-glob: 384 17 0 41 0 0 correct
node-glob: 384 19 0 45 0 0 correct
node-glob: 384 26 0 121 0 0 correct
node-glob: 384 26 0 499 0 0 correct
node-glob: 630 24 2 184 2 0.00317 correct
node-glob: 384 21 0 55 0 0 correct
node-glob: 384 19 0 49 0 0 correct
node-glob: 394 17 2 41 2 0.00508 correct
node-glob: 384 26 0 465 0 0 correct
node-glob: 394 24 2 2454 2 0.00508 correct
node-glob: 384 19 0 43 0 0 correct
node-glob: 384 22 0 69 0 0 correct
node-glob: 384 26 0 276 0 0 correct
node-glob: 384 26 0 201 0 0 correct
node-glob: 630 22 2 253 2 0.00317 correct
node-glob: 384 19 0 43 0 0 correct
node-glob: 384 24 0 109 0 0 correct
node-glob: 384 26 0 325 0 0 correct
node-glob: 384 19 0 49 0 0 correct
node-glob: 384 26 0 319 0 0 correct
node-glob: 384 19 0 43 0 0 correct
node-glob: 394 26 2 2791 2 0.00508 correct
node-glob: 384 26 0 189 0 0 correct
node-glob: 384 26 0 408 0 0 correct
node-glob: 394 19 2 46 2 0.00508 correct
node-glob: 384 19 0 43 0 0 correct
node-glob: 384 19 0 45 0 0 correct
node-glob: 384 17 0 41 0 0 correct
node-slug: 855 7 1 21 2 0.00234 correct
node-stream-spigot: 535 9 3 22 5 0.00935 correct
not-defined: 366 5 2 22 2 0.00546 correct
once: 703 5 4 9 4 0.00569 correct
pad-left: 605 5 0 5 0 0 correct
pad-left-simple: 623 4 0 8 0 0 correct
parse-next-json-value: 550 5 0 5 0 0 correct
periods: 366 1 14 14 14 0.03825 correct
property-validator: 612 10 0 20 0 0 correct
rimraf: 370 8 2 14 2 0.00541 correct
rimraf: 600 8 2 14 2 0.00333 correct
rimraf: 370 8 2 14 2 0.00541 correct
rtrim: 623 2 0 2 0 0 correct
schema-inspector: 996 5 0 5 0 0 correct
set-value: 629 14 3 331 70 0.11129 correct
static-props: 517 5 2 22 2 0.00387 correct
syncthrough: 554 10 2 22 2 0.00361 correct
through2: 490 10 5 68 6 0.01224 correct
through2-map: 414 4 4 6 8 0.01932 correct
time-stamp: 628 6 0 164 0 0 correct
unordered-array-remove: 526 2 0 2 0 0 correct
zipmap: 600 9 3 43 6 0.01 correct
