algebra: 723 26 0 53 0 0 correct
array.chunk: 897 5 0 14 0 0 correct
array-last: 669 11 0 53 0 0 correct
array-range: 375 4 2 16 2 0.00533 correct
arr-diff: 634 5 0 67 0 0 correct
arr-flatten: 669 5 0 967 0 0 correct
concat-stream: 477 19 2 474 26 0.05451 correct
deep-bind: 1160 7 0 7 0 0 correct
file-size: 837 7 1 287 2 0.00239 correct
fs-promise: 684 8 135 446 168 0.24561 correct
get-value: 770 10 0 1022 0 0 correct
group-array: 1601 17 0 1890 0 0 correct
has-key-deep: 634 2 0 2 0 0 correct
has-value: 669 9 0 143 0 0 correct
he: 471 8 6 305 8 0.01699 correct
identity-function: 578 2 0 2 0 0 correct
in-array: 634 2 0 2 0 0 correct
is-empty-object: 423 6 2 21 2 0.00473 correct
is-generator: 671 2 2 4 3 0.00447 correct
is-number: 669 5 0 177 0 0 correct
is-promise: 582 2 0 2 0 0 correct
is-sorted: 477 7 0 69 0 0 correct
missing-deep-keys: 1657 6 0 8 0 0 correct
missing-deep-keys: 1191 6 2 8 3 0.00252 correct
ndarray: 498 13 0 110 0 0 correct
node-du: 439 5 2 9 2 0.00456 correct
node-glob: 394 17 0 41 0 0 correct
node-glob: 394 19 0 45 0 0 correct
node-glob: 394 26 0 121 0 0 correct
node-glob: 394 26 0 499 0 0 correct
node-glob: 762 24 2 184 2 0.00262 correct
node-glob: 394 21 0 55 0 0 correct
node-glob: 394 19 0 49 0 0 correct
node-glob: 403 17 2 41 2 0.00496 correct
node-glob: 394 26 0 465 0 0 correct
node-glob: 403 24 2 2454 2 0.00496 correct
node-glob: 394 19 0 43 0 0 correct
node-glob: 394 22 0 69 0 0 correct
node-glob: 394 26 0 276 0 0 correct
node-glob: 394 26 0 201 0 0 correct
node-glob: 762 22 2 253 2 0.00262 correct
node-glob: 394 19 0 43 0 0 correct
node-glob: 394 24 0 109 0 0 correct
node-glob: 394 26 0 325 0 0 correct
node-glob: 394 19 0 49 0 0 correct
node-glob: 394 26 0 319 0 0 correct
node-glob: 394 19 0 43 0 0 correct
node-glob: 403 26 2 2791 2 0.00496 correct
node-glob: 394 26 0 189 0 0 correct
node-glob: 394 26 0 408 0 0 correct
node-glob: 403 19 2 46 2 0.00496 correct
node-glob: 394 19 0 43 0 0 correct
node-glob: 394 19 0 45 0 0 correct
node-glob: 394 17 0 41 0 0 correct
node-slug: 852 7 1 21 2 0.00235 correct
node-stream-spigot: 557 9 3 22 5 0.00898 correct
not-defined: 375 5 2 22 2 0.00533 correct
once: 890 5 4 9 4 0.00449 correct
pad-left: 641 5 0 5 0 0 correct
pad-left-simple: 669 4 0 8 0 0 correct
parse-next-json-value: 602 5 0 5 0 0 correct
periods: 375 1 14 14 14 0.03733 correct
property-validator: 658 10 0 20 0 0 correct
rimraf: 379 8 2 14 2 0.00528 correct
rimraf: 723 8 2 14 2 0.00277 correct
rimraf: 379 8 2 14 2 0.00528 correct
rtrim: 669 2 0 2 0 0 correct
schema-inspector: 1161 5 0 5 0 0 correct
set-value: 681 14 3 331 70 0.10279 correct
static-props: 555 5 2 22 2 0.0036 correct
syncthrough: 606 10 2 22 2 0.0033 correct
through2: 512 10 5 68 6 0.01172 correct
through2-map: 423 4 4 6 8 0.01891 correct
time-stamp: 677 6 0 164 0 0 correct
unordered-array-remove: 578 2 0 2 0 0 correct
zipmap: 634 9 3 43 6 0.00946 correct
