algebra: 769 26 0 53 0 0 correct
array.chunk: 912 3 2 12 2 0.00219 correct
array-last: 707 11 0 53 0 0 correct
array-range: 423 4 2 16 2 0.00473 correct
arr-diff: 668 5 0 67 0 0 correct
arr-flatten: 707 5 0 967 0 0 correct
concat-stream: 487 17 4 472 28 0.05749 correct
deep-bind: 1161 7 0 7 0 0 correct
file-size: 843 7 1 287 2 0.00237 correct
fs-promise: 722 8 135 446 168 0.23269 correct
get-value: 843 10 0 1022 0 0 correct
group-array: 1608 17 0 1890 0 0 correct
has-key-deep: 668 2 0 2 0 0 correct
has-value: 707 9 0 143 0 0 correct
he: 519 8 6 305 8 0.01541 correct
in-array: 668 2 0 2 0 0 correct
is-empty-object: 471 6 2 21 2 0.00425 correct
is-generator: 709 2 2 4 3 0.00423 correct
is-number: 707 5 0 177 0 0 correct
is-promise: 585 2 0 2 0 0 correct
is-sorted: 487 5 2 67 2 0.00411 correct
missing-deep-keys: 1667 6 0 8 0 0 correct
missing-deep-keys: 562 6 2 8 3 0.00534 correct
ndarray: 502 11 2 108 2 0.00398 correct
node-du: 484 5 2 9 2 0.00413 correct
node-glob: 398 15 2 39 2 0.00503 correct
node-glob: 398 17 2 43 2 0.00503 correct
node-glob: 398 24 2 119 2 0.00503 correct
node-glob: 398 24 2 497 2 0.00503 correct
node-glob: 963 24 2 184 2 0.00208 correct
node-glob: 398 19 2 53 2 0.00503 correct
node-glob: 398 17 2 47 2 0.00503 correct
node-glob: 451 17 2 41 2 0.00443 correct
node-glob: 398 24 2 463 2 0.00503 correct
node-glob: 451 24 2 2454 2 0.00443 correct
node-glob: 398 17 2 41 2 0.00503 correct
node-glob: 398 20 2 67 2 0.00503 correct
node-glob: 398 24 2 274 2 0.00503 correct
node-glob: 398 24 2 199 2 0.00503 correct
node-glob: 963 22 2 253 2 0.00208 correct
node-glob: 398 17 2 41 2 0.00503 correct
node-glob: 398 22 2 107 2 0.00503 correct
node-glob: 398 24 2 323 2 0.00503 correct
node-glob: 398 17 2 47 2 0.00503 correct
node-glob: 398 24 2 317 2 0.00503 correct
node-glob: 398 17 2 41 2 0.00503 correct
node-glob: 451 26 2 2791 2 0.00443 correct
node-glob: 398 24 2 187 2 0.00503 correct
node-glob: 398 24 2 406 2 0.00503 correct
node-glob: 451 19 2 46 2 0.00443 correct
node-glob: 398 17 2 41 2 0.00503 correct
node-glob: 398 17 2 43 2 0.00503 correct
node-glob: 398 15 2 39 2 0.00503 correct
node-slug: 896 7 1 21 2 0.00223 correct
node-stream-spigot: 687 9 3 22 5 0.00728 correct
not-defined: 423 5 2 22 2 0.00473 correct
once: 986 5 4 9 4 0.00406 correct
pad-left: 692 5 0 5 0 0 correct
pad-left-simple: 707 4 0 8 0 0 correct
parse-next-json-value: 620 3 2 3 2 0.00323 correct
periods: 423 1 14 14 14 0.0331 correct
property-validator: 701 10 0 20 0 0 correct
rimraf: 427 8 2 14 2 0.00468 correct
rimraf: 837 8 2 14 2 0.00239 correct
rimraf: 427 8 2 14 2 0.00468 correct
rtrim: 707 2 0 2 0 0 correct
schema-inspector: 1167 5 0 5 0 0 correct
set-value: 723 14 3 331 70 0.09682 correct
static-props: 561 5 2 22 2 0.00357 correct
syncthrough: 624 8 4 20 4 0.00641 correct
through2: 642 10 5 68 6 0.00935 correct
through2-map: 471 4 4 6 8 0.01699 correct
time-stamp: 715 6 0 164 0 0 correct
zipmap: 668 9 3 43 6 0.00898 correct
