algebra: 833 26 0 53 0 0 correct
array.chunk: 947 3 2 12 2 0.00211 correct
array-last: 777 11 0 53 0 0 correct
array-range: 426 4 2 16 2 0.00469 correct
arr-diff: 689 5 0 67 0 0 correct
arr-flatten: 777 5 0 967 0 0 correct
concat-stream: 496 17 4 472 28 0.05645 correct
deep-bind: 1478 7 0 7 0 0 correct
file-size: 861 7 1 287 2 0.00232 correct
fs-promise: 792 8 135 446 168 0.21212 correct
get-value: 980 10 0 1022 0 0 correct
group-array: 1907 17 0 1890 0 0 correct
has-key-deep: 689 2 0 2 0 0 correct
has-value: 777 9 0 143 0 0 correct
he: 522 8 6 305 8 0.01533 correct
in-array: 689 2 0 2 0 0 correct
is-empty-object: 474 6 2 21 2 0.00422 correct
is-generator: 779 2 2 4 3 0.00385 correct
is-number: 777 5 0 177 0 0 correct
is-promise: 606 2 0 2 0 0 correct
is-sorted: 496 5 2 67 2 0.00403 correct
missing-deep-keys: 2014 6 0 8 0 0 correct
missing-deep-keys: 1131 6 2 8 3 0.00265 correct
ndarray: 511 11 2 108 2 0.00391 correct
node-du: 502 5 2 9 2 0.00398 correct
node-glob: 407 15 2 39 2 0.00491 correct
node-glob: 407 17 2 43 2 0.00491 correct
node-glob: 407 24 2 119 2 0.00491 correct
node-glob: 407 24 2 497 2 0.00491 correct
node-glob: 1192 24 2 184 2 0.00168 correct
node-glob: 407 19 2 53 2 0.00491 correct
node-glob: 407 17 2 47 2 0.00491 correct
node-glob: 454 17 2 41 2 0.00441 correct
node-glob: 407 24 2 463 2 0.00491 correct
node-glob: 454 24 2 2454 2 0.00441 correct
node-glob: 407 17 2 41 2 0.00491 correct
node-glob: 407 20 2 67 2 0.00491 correct
node-glob: 407 24 2 274 2 0.00491 correct
node-glob: 407 24 2 199 2 0.00491 correct
node-glob: 1192 22 2 253 2 0.00168 correct
node-glob: 407 17 2 41 2 0.00491 correct
node-glob: 407 22 2 107 2 0.00491 correct
node-glob: 407 24 2 323 2 0.00491 correct
node-glob: 407 17 2 47 2 0.00491 correct
node-glob: 407 24 2 317 2 0.00491 correct
node-glob: 407 17 2 41 2 0.00491 correct
node-glob: 454 26 2 2791 2 0.00441 correct
node-glob: 407 24 2 187 2 0.00491 correct
node-glob: 407 24 2 406 2 0.00491 correct
node-glob: 454 19 2 46 2 0.00441 correct
node-glob: 407 17 2 41 2 0.00491 correct
node-glob: 407 17 2 43 2 0.00491 correct
node-glob: 407 15 2 39 2 0.00491 correct
node-slug: 923 7 1 21 2 0.00217 correct
node-stream-spigot: 773 9 3 22 5 0.00647 correct
not-defined: 426 5 2 22 2 0.00469 correct
once: 1034 5 4 9 4 0.00387 correct
pad-left: 764 5 0 5 0 0 correct
pad-left-simple: 777 4 0 8 0 0 correct
parse-next-json-value: 668 3 2 3 2 0.00299 correct
periods: 426 1 14 14 14 0.03286 correct
rimraf: 430 8 2 14 2 0.00465 correct
rimraf: 1056 8 2 14 2 0.00189 correct
rimraf: 430 8 2 14 2 0.00465 correct
rtrim: 777 2 0 2 0 0 correct
schema-inspector: 1499 5 0 5 0 0 correct
set-value: 805 14 3 331 70 0.08696 correct
static-props: 579 5 2 22 2 0.00345 correct
syncthrough: 672 8 4 20 4 0.00595 correct
through2: 728 10 5 68 6 0.00824 correct
through2-map: 474 4 4 6 8 0.01688 correct
time-stamp: 785 6 0 164 0 0 correct
zipmap: 689 9 3 43 6 0.00871 correct
