algebra: 305 26 0 53 0 0 correct
array.chunk: 321 5 0 14 0 0 correct
array-last: 305 11 0 53 0 0 correct
array-range: 305 6 0 18 0 0 correct
arr-diff: 305 5 0 67 0 0 correct
arr-flatten: 305 5 0 967 0 0 correct
concat-stream: 305 19 2 474 26 0.08525 correct
deep-bind: 305 7 0 7 0 0 correct
file-size: 305 7 1 287 2 0.00656 correct
fs-promise: 305 8 135 446 168 0.55082 correct
get-value: 328 10 0 1022 0 0 correct
group-array: 305 17 0 1890 0 0 correct
has-key-deep: 305 2 0 2 0 0 correct
has-value: 305 9 0 143 0 0 correct
he: 306 8 6 306 7 0.02288 correct
identity-function: 305 2 0 2 0 0 correct
in-array: 305 2 0 2 0 0 correct
is-empty-object: 305 8 0 23 0 0 correct
is-generator: 305 2 2 4 3 0.00984 correct
is-number: 305 5 0 177 0 0 correct
is-promise: 305 2 0 2 0 0 correct
is-sorted: 305 7 0 69 0 0 correct
left-pad: 305 2 0 2 0 0 correct
missing-deep-keys: 305 6 0 8 0 0 correct
missing-deep-keys: 305 6 2 8 3 0.00984 correct
ndarray: 305 13 0 110 0 0 correct
node-du: 305 7 0 11 0 0 correct
node-glob: 331 17 0 41 0 0 correct
node-glob: 331 19 0 45 0 0 correct
node-glob: 331 26 0 121 0 0 correct
node-glob: 331 26 0 499 0 0 correct
node-glob: 330 26 0 186 0 0 correct
node-glob: 331 21 0 55 0 0 correct
node-glob: 331 19 0 49 0 0 correct
node-glob: 331 19 0 43 0 0 correct
node-glob: 331 26 0 465 0 0 correct
node-glob: 331 26 0 2456 0 0 correct
node-glob: 331 19 0 43 0 0 correct
node-glob: 331 22 0 69 0 0 correct
node-glob: 331 26 0 276 0 0 correct
node-glob: 331 26 0 201 0 0 correct
node-glob: 330 24 0 255 0 0 correct
node-glob: 331 19 0 43 0 0 correct
node-glob: 331 24 0 109 0 0 correct
node-glob: 331 26 0 325 0 0 correct
node-glob: 331 19 0 49 0 0 correct
node-glob: 331 26 0 319 0 0 correct
node-glob: 331 19 0 43 0 0 correct
node-glob: 331 28 0 2793 0 0 correct
node-glob: 331 26 0 189 0 0 correct
node-glob: 331 26 0 408 0 0 correct
node-glob: 331 21 0 48 0 0 correct
node-glob: 331 19 0 43 0 0 correct
node-glob: 331 19 0 45 0 0 correct
node-glob: 331 17 0 41 0 0 correct
node-slug: 306 7 1 21 2 0.00654 correct
node-stream-spigot: 305 10 0 27 0 0 correct
not-defined: 305 7 0 24 0 0 correct
once: 331 7 0 13 0 0 correct
pad-left: 305 5 0 5 0 0 correct
pad-left-simple: 305 4 0 8 0 0 correct
parse-next-json-value: 328 5 0 5 0 0 correct
periods: 305 1 14 14 14 0.0459 correct
property-validator: 305 10 0 20 0 0 correct
rimraf: 308 10 0 16 0 0 correct
rimraf: 329 10 0 16 0 0 correct
rimraf: 308 10 0 16 0 0 correct
rtrim: 305 2 0 2 0 0 correct
schema-inspector: 305 5 0 5 0 0 correct
set-value: 305 14 3 331 70 0.22951 correct
static-props: 305 5 2 22 2 0.00656 correct
syncthrough: 331 10 2 22 2 0.00604 correct
through2: 331 12 2 72 2 0.00604 correct
through2-map: 305 6 0 14 0 0 correct
time-stamp: 305 6 0 164 0 0 correct
unordered-array-remove: 305 2 0 2 0 0 correct
zipmap: 305 9 3 43 6 0.01967 correct
