algebra: 328 26 0 53 0 0 correct
[2K[1A[2K[1A[2K[1A[2K[1A[2K[0Garray.chunk: 357 5 0 14 0 0 correct
array-last: 327 11 0 53 0 0 correct
array-range: 324 6 0 18 0 0 correct
arr-diff: 327 5 0 67 0 0 correct
arr-flatten: 327 5 0 967 0 0 correct
concat-stream: 328 19 2 474 26 0.07927 correct
deep-bind: 330 7 0 7 0 0 correct
file-size: 328 7 1 287 2 0.0061 correct
fs-promise: 328 8 135 446 168 0.5122 correct
get-value: 351 10 0 1022 0 0 correct
group-array: 331 17 0 1890 0 0 correct
has-key-deep: 327 2 0 2 0 0 correct
has-value: 327 9 0 143 0 0 correct
he: 327 8 6 306 7 0.02141 correct
identity-function: 328 2 0 2 0 0 correct
in-array: 327 2 0 2 0 0 correct
is-empty-object: 325 8 0 23 0 0 correct
is-generator: 329 2 2 4 3 0.00912 correct
is-number: 327 5 0 177 0 0 correct
is-promise: 326 2 0 2 0 0 correct
is-sorted: 328 7 0 69 0 0 correct
left-pad: 324 2 0 2 0 0 correct
missing-deep-keys: 330 6 0 8 0 0 correct
missing-deep-keys: 326 6 2 8 3 0.0092 correct
ndarray: 325 13 0 110 0 0 correct
node-du: 325 7 0 11 0 0 correct
node-glob: 352 17 0 41 0 0 correct
node-glob: 352 19 0 45 0 0 correct
node-glob: 352 26 0 121 0 0 correct
node-glob: 352 26 0 499 0 0 correct
node-glob: 389 26 0 186 0 0 correct
node-glob: 352 21 0 55 0 0 correct
node-glob: 352 19 0 49 0 0 correct
node-glob: 352 19 0 43 0 0 correct
node-glob: 352 26 0 465 0 0 correct
node-glob: 352 26 0 2456 0 0 correct
node-glob: 352 19 0 43 0 0 correct
node-glob: 352 22 0 69 0 0 correct
node-glob: 352 26 0 276 0 0 correct
node-glob: 352 26 0 201 0 0 correct
node-glob: 389 24 0 255 0 0 correct
node-glob: 352 19 0 43 0 0 correct
node-glob: 352 24 0 109 0 0 correct
node-glob: 352 26 0 325 0 0 correct
node-glob: 352 19 0 49 0 0 correct
node-glob: 352 26 0 319 0 0 correct
node-glob: 352 19 0 43 0 0 correct
node-glob: 352 28 0 2793 0 0 correct
node-glob: 352 26 0 189 0 0 correct
node-glob: 352 26 0 408 0 0 correct
node-glob: 352 21 0 48 0 0 correct
node-glob: 352 19 0 43 0 0 correct
node-glob: 352 19 0 45 0 0 correct
node-glob: 352 17 0 41 0 0 correct
node-slug: 330 7 1 21 2 0.00606 correct
node-stream-spigot: 326 10 0 27 0 0 correct
not-defined: 324 7 0 24 0 0 correct
once: 356 7 0 13 0 0 correct
pad-left: 327 5 0 5 0 0 correct
pad-left-simple: 327 4 0 8 0 0 correct
parse-next-json-value: 352 5 0 5 0 0 correct
periods: 324 1 14 14 14 0.04321 correct
property-validator: 327 10 0 20 0 0 correct
rimraf: 328 10 0 16 0 0 correct
rimraf: 352 10 0 16 0 0 correct
rimraf: 328 10 0 16 0 0 correct
rtrim: 327 2 0 2 0 0 correct
schema-inspector: 330 5 0 5 0 0 correct
set-value: 327 14 3 331 70 0.21407 correct
static-props: 327 5 2 22 2 0.00612 correct
syncthrough: 356 10 2 22 2 0.00562 correct
through2: 353 12 2 72 2 0.00567 correct
through2-map: 325 6 0 14 0 0 correct
time-stamp: 327 6 0 164 0 0 correct
unordered-array-remove: 328 2 0 2 0 0 correct
zipmap: 327 9 3 43 6 0.01835 correct
