algebra: 346 26 0 53 0 0 correct
array.chunk: 390 5 0 14 0 0 correct
array-last: 343 11 0 53 0 0 correct
array-range: 330 6 0 18 0 0 correct
arr-diff: 343 5 0 67 0 0 correct
arr-flatten: 343 5 0 967 0 0 correct
concat-stream: 346 19 2 474 26 0.07514 correct
deep-bind: 355 7 0 7 0 0 correct
file-size: 347 7 1 287 2 0.00576 correct
fs-promise: 347 8 135 446 168 0.48415 correct
get-value: 367 10 0 1022 0 0 correct
group-array: 359 17 0 1890 0 0 correct
has-key-deep: 343 2 0 2 0 0 correct
has-value: 343 9 0 143 0 0 correct
he: 339 8 6 306 7 0.02065 correct
identity-function: 346 2 0 2 0 0 correct
in-array: 343 2 0 2 0 0 correct
is-empty-object: 334 8 0 23 0 0 correct
is-generator: 345 2 2 4 3 0.0087 correct
is-number: 343 5 0 177 0 0 correct
is-promise: 339 2 0 2 0 0 correct
is-sorted: 346 7 0 69 0 0 correct
left-pad: 330 2 0 2 0 0 correct
missing-deep-keys: 355 6 0 8 0 0 correct
missing-deep-keys: 332 6 2 8 3 0.00904 correct
ndarray: 334 13 0 110 0 0 correct
node-du: 334 7 0 11 0 0 correct
node-glob: 358 17 0 41 0 0 correct
node-glob: 358 19 0 45 0 0 correct
node-glob: 358 26 0 121 0 0 correct
node-glob: 358 26 0 499 0 0 correct
node-glob: 398 26 0 186 0 0 correct
node-glob: 358 21 0 55 0 0 correct
node-glob: 358 19 0 49 0 0 correct
node-glob: 358 19 0 43 0 0 correct
node-glob: 358 26 0 465 0 0 correct
node-glob: 358 26 0 2456 0 0 correct
node-glob: 358 19 0 43 0 0 correct
node-glob: 358 22 0 69 0 0 correct
node-glob: 358 26 0 276 0 0 correct
node-glob: 358 26 0 201 0 0 correct
node-glob: 398 24 0 255 0 0 correct
node-glob: 358 19 0 43 0 0 correct
node-glob: 358 24 0 109 0 0 correct
node-glob: 358 26 0 325 0 0 correct
node-glob: 358 19 0 49 0 0 correct
node-glob: 358 26 0 319 0 0 correct
node-glob: 358 19 0 43 0 0 correct
node-glob: 358 28 0 2793 0 0 correct
node-glob: 358 26 0 189 0 0 correct
node-glob: 358 26 0 408 0 0 correct
node-glob: 358 21 0 48 0 0 correct
node-glob: 358 19 0 43 0 0 correct
node-glob: 358 19 0 45 0 0 correct
node-glob: 358 17 0 41 0 0 correct
node-slug: 352 7 1 21 2 0.00568 correct
node-stream-spigot: 338 10 0 27 0 0 correct
not-defined: 330 7 0 24 0 0 correct
once: 365 7 0 13 0 0 correct
pad-left: 343 5 0 5 0 0 correct
pad-left-simple: 343 4 0 8 0 0 correct
parse-next-json-value: 370 5 0 5 0 0 correct
periods: 330 1 14 14 14 0.04242 correct
property-validator: 343 10 0 20 0 0 correct
rimraf: 334 10 0 16 0 0 correct
rimraf: 365 10 0 16 0 0 correct
rimraf: 334 10 0 16 0 0 correct
rtrim: 343 2 0 2 0 0 correct
schema-inspector: 355 5 0 5 0 0 correct
set-value: 343 14 3 331 70 0.20408 correct
static-props: 342 5 2 22 2 0.00585 correct
syncthrough: 374 10 2 22 2 0.00535 correct
through2: 362 12 2 72 2 0.00552 correct
through2-map: 334 6 0 14 0 0 correct
time-stamp: 343 6 0 164 0 0 correct
unordered-array-remove: 346 2 0 2 0 0 correct
zipmap: 343 9 3 43 6 0.01749 correct
