algebra: 366 26 0 53 0 0 correct
array.chunk: 408 5 0 14 0 0 correct
array-last: 361 11 0 53 0 0 correct
array-range: 332 6 0 18 0 0 correct
arr-diff: 360 5 0 67 0 0 correct
arr-flatten: 361 5 0 967 0 0 correct
concat-stream: 360 19 2 474 26 0.07222 correct
deep-bind: 392 7 0 7 0 0 correct
file-size: 382 7 1 287 2 0.00524 correct
fs-promise: 366 8 135 446 168 0.45902 correct
get-value: 385 10 0 1022 0 0 correct
group-array: 394 17 0 1890 0 0 correct
has-key-deep: 360 2 0 2 0 0 correct
has-value: 361 9 0 143 0 0 correct
he: 386 8 6 306 7 0.01813 correct
identity-function: 361 2 0 2 0 0 correct
in-array: 360 2 0 2 0 0 correct
is-empty-object: 341 8 0 23 0 0 correct
is-generator: 363 2 2 4 3 0.00826 correct
is-number: 361 5 0 177 0 0 correct
is-promise: 353 2 0 2 0 0 correct
is-sorted: 360 7 0 69 0 0 correct
left-pad: 332 2 0 2 0 0 correct
missing-deep-keys: 391 6 0 8 0 0 correct
missing-deep-keys: 334 6 2 8 3 0.00898 correct
ndarray: 341 13 0 110 0 0 correct
node-du: 342 7 0 11 0 0 correct
node-glob: 359 17 0 41 0 0 correct
node-glob: 359 19 0 45 0 0 correct
node-glob: 359 26 0 121 0 0 correct
node-glob: 359 26 0 499 0 0 correct
node-glob: 427 26 0 186 0 0 correct
node-glob: 359 21 0 55 0 0 correct
node-glob: 359 19 0 49 0 0 correct
node-glob: 360 19 0 43 0 0 correct
node-glob: 359 26 0 465 0 0 correct
node-glob: 360 26 0 2456 0 0 correct
node-glob: 359 19 0 43 0 0 correct
node-glob: 359 22 0 69 0 0 correct
node-glob: 359 26 0 276 0 0 correct
node-glob: 359 26 0 201 0 0 correct
node-glob: 427 24 0 255 0 0 correct
node-glob: 359 19 0 43 0 0 correct
node-glob: 359 24 0 109 0 0 correct
node-glob: 359 26 0 325 0 0 correct
node-glob: 359 19 0 49 0 0 correct
node-glob: 359 26 0 319 0 0 correct
node-glob: 359 19 0 43 0 0 correct
node-glob: 360 28 0 2793 0 0 correct
node-glob: 359 26 0 189 0 0 correct
node-glob: 359 26 0 408 0 0 correct
node-glob: 360 21 0 48 0 0 correct
node-glob: 359 19 0 43 0 0 correct
node-glob: 359 19 0 45 0 0 correct
node-glob: 359 17 0 41 0 0 correct
node-slug: 384 7 1 21 2 0.00521 correct
node-stream-spigot: 348 10 0 27 0 0 correct
not-defined: 332 7 0 24 0 0 correct
once: 452 7 0 13 0 0 correct
pad-left: 360 5 0 5 0 0 correct
pad-left-simple: 361 4 0 8 0 0 correct
parse-next-json-value: 385 5 0 5 0 0 correct
periods: 332 1 14 14 14 0.04217 correct
property-validator: 360 10 0 20 0 0 correct
rimraf: 336 10 0 16 0 0 correct
rimraf: 397 10 0 16 0 0 correct
rimraf: 336 10 0 16 0 0 correct
rtrim: 361 2 0 2 0 0 correct
schema-inspector: 392 5 0 5 0 0 correct
set-value: 361 14 3 331 70 0.19391 correct
static-props: 355 5 2 22 2 0.00563 correct
syncthrough: 389 10 2 22 2 0.00514 correct
through2: 369 12 2 72 2 0.00542 correct
through2-map: 341 6 0 14 0 0 correct
time-stamp: 361 6 0 164 0 0 correct
unordered-array-remove: 361 2 0 2 0 0 correct
zipmap: 360 9 3 43 6 0.01667 correct
