algebra: 501 26 0 53 0 0 correct
array.chunk: 433 5 0 14 0 0 correct
array-last: 505 11 0 53 0 0 correct
array-range: 338 6 0 18 0 0 correct
arr-diff: 487 5 0 67 0 0 correct
arr-flatten: 505 5 0 967 0 0 correct
concat-stream: 395 19 2 474 26 0.06582 correct
deep-bind: 453 7 0 7 0 0 correct
file-size: 549 7 1 287 2 0.00364 correct
fs-promise: 512 8 135 446 168 0.32813 correct
get-value: 529 10 0 1022 0 0 correct
group-array: 458 17 0 1890 0 0 correct
has-key-deep: 487 2 0 2 0 0 correct
has-value: 505 9 0 143 0 0 correct
he: 417 8 6 306 7 0.01679 correct
identity-function: 399 2 0 2 0 0 correct
in-array: 487 2 0 2 0 0 correct
is-empty-object: 362 8 0 23 0 0 correct
is-generator: 507 2 2 4 3 0.00592 correct
is-number: 505 5 0 177 0 0 correct
is-promise: 435 2 0 2 0 0 correct
is-sorted: 395 7 0 69 0 0 correct
left-pad: 338 2 0 2 0 0 correct
missing-deep-keys: 452 6 0 8 0 0 correct
missing-deep-keys: 336 6 2 8 3 0.00893 correct
ndarray: 363 13 0 110 0 0 correct
node-du: 357 7 0 11 0 0 correct
node-glob: 362 17 0 41 0 0 correct
node-glob: 362 19 0 45 0 0 correct
node-glob: 362 26 0 121 0 0 correct
node-glob: 362 26 0 499 0 0 correct
node-glob: 484 26 0 186 0 0 correct
node-glob: 362 21 0 55 0 0 correct
node-glob: 362 19 0 49 0 0 correct
node-glob: 366 19 0 43 0 0 correct
node-glob: 362 26 0 465 0 0 correct
node-glob: 366 26 0 2456 0 0 correct
node-glob: 362 19 0 43 0 0 correct
node-glob: 362 22 0 69 0 0 correct
node-glob: 362 26 0 276 0 0 correct
node-glob: 362 26 0 201 0 0 correct
node-glob: 484 24 0 255 0 0 correct
node-glob: 362 19 0 43 0 0 correct
node-glob: 362 24 0 109 0 0 correct
node-glob: 362 26 0 325 0 0 correct
node-glob: 362 19 0 49 0 0 correct
node-glob: 362 26 0 319 0 0 correct
node-glob: 362 19 0 43 0 0 correct
node-glob: 366 28 0 2793 0 0 correct
node-glob: 362 26 0 189 0 0 correct
node-glob: 362 26 0 408 0 0 correct
node-glob: 366 21 0 48 0 0 correct
node-glob: 362 19 0 43 0 0 correct
node-glob: 362 19 0 45 0 0 correct
node-glob: 362 17 0 41 0 0 correct
node-slug: 518 7 1 21 2 0.00386 correct
node-stream-spigot: 378 10 0 27 0 0 correct
not-defined: 338 7 0 24 0 0 correct
once: 486 7 0 13 0 0 correct
pad-left: 487 5 0 5 0 0 correct
pad-left-simple: 505 4 0 8 0 0 correct
parse-next-json-value: 423 5 0 5 0 0 correct
periods: 338 1 14 14 14 0.04142 correct
property-validator: 487 10 0 20 0 0 correct
rimraf: 342 10 0 16 0 0 correct
rimraf: 454 10 0 16 0 0 correct
rimraf: 342 10 0 16 0 0 correct
rtrim: 505 2 0 2 0 0 correct
schema-inspector: 453 5 0 5 0 0 correct
set-value: 505 14 3 331 70 0.13861 correct
static-props: 393 5 2 22 2 0.00509 correct
syncthrough: 427 10 2 22 2 0.00468 correct
through2: 390 12 2 72 2 0.00513 correct
through2-map: 362 6 0 14 0 0 correct
time-stamp: 505 6 0 164 0 0 correct
unordered-array-remove: 399 2 0 2 0 0 correct
zipmap: 487 9 3 43 6 0.01232 correct
