algebra: 530 26 0 53 0 0 correct
array.chunk: 477 5 0 14 0 0 correct
array-last: 504 11 0 53 0 0 correct
array-range: 342 6 0 18 0 0 correct
arr-diff: 481 5 0 67 0 0 correct
arr-flatten: 504 5 0 967 0 0 correct
concat-stream: 398 19 2 474 26 0.06533 correct
deep-bind: 528 7 0 7 0 0 correct
file-size: 643 7 1 287 2 0.00311 correct
fs-promise: 512 8 135 446 168 0.32813 correct
get-value: 528 10 0 1022 0 0 correct
group-array: 525 17 0 1890 0 0 correct
has-key-deep: 481 2 0 2 0 0 correct
has-value: 504 9 0 143 0 0 correct
he: 437 8 6 306 7 0.01602 correct
identity-function: 407 2 0 2 0 0 correct
in-array: 481 2 0 2 0 0 correct
is-empty-object: 367 8 0 23 0 0 correct
is-generator: 506 2 2 4 3 0.00593 correct
is-number: 504 5 0 177 0 0 correct
is-promise: 420 2 0 2 0 0 correct
is-sorted: 398 7 0 69 0 0 correct
left-pad: 342 2 0 2 0 0 correct
missing-deep-keys: 531 6 0 8 0 0 correct
missing-deep-keys: 343 6 2 8 3 0.00875 correct
ndarray: 371 13 0 110 0 0 correct
node-du: 367 7 0 11 0 0 correct
node-glob: 364 17 0 41 0 0 correct
node-glob: 364 19 0 45 0 0 correct
node-glob: 364 26 0 121 0 0 correct
node-glob: 364 26 0 499 0 0 correct
node-glob: 505 26 0 186 0 0 correct
node-glob: 364 21 0 55 0 0 correct
node-glob: 364 19 0 49 0 0 correct
node-glob: 370 19 0 43 0 0 correct
node-glob: 364 26 0 465 0 0 correct
node-glob: 370 26 0 2456 0 0 correct
node-glob: 364 19 0 43 0 0 correct
node-glob: 364 22 0 69 0 0 correct
node-glob: 364 26 0 276 0 0 correct
node-glob: 364 26 0 201 0 0 correct
node-glob: 505 24 0 255 0 0 correct
node-glob: 364 19 0 43 0 0 correct
node-glob: 364 24 0 109 0 0 correct
node-glob: 364 26 0 325 0 0 correct
node-glob: 364 19 0 49 0 0 correct
node-glob: 364 26 0 319 0 0 correct
node-glob: 364 19 0 43 0 0 correct
node-glob: 370 28 0 2793 0 0 correct
node-glob: 364 26 0 189 0 0 correct
node-glob: 364 26 0 408 0 0 correct
node-glob: 370 21 0 48 0 0 correct
node-glob: 364 19 0 43 0 0 correct
node-glob: 364 19 0 45 0 0 correct
node-glob: 364 17 0 41 0 0 correct
node-slug: 595 7 1 21 2 0.00336 correct
node-stream-spigot: 388 10 0 27 0 0 correct
not-defined: 342 7 0 24 0 0 correct
once: 496 7 0 13 0 0 correct
pad-left: 481 5 0 5 0 0 correct
pad-left-simple: 504 4 0 8 0 0 correct
parse-next-json-value: 431 5 0 5 0 0 correct
periods: 342 1 14 14 14 0.04094 correct
property-validator: 481 10 0 20 0 0 correct
rimraf: 346 10 0 16 0 0 correct
rimraf: 468 10 0 16 0 0 correct
rimraf: 346 10 0 16 0 0 correct
rtrim: 504 2 0 2 0 0 correct
schema-inspector: 528 5 0 5 0 0 correct
set-value: 504 14 3 331 70 0.13889 correct
static-props: 400 5 2 22 2 0.005 correct
syncthrough: 435 10 2 22 2 0.0046 correct
through2: 399 12 2 72 2 0.00501 correct
through2-map: 367 6 0 14 0 0 correct
time-stamp: 504 6 0 164 0 0 correct
unordered-array-remove: 407 2 0 2 0 0 correct
zipmap: 481 9 3 43 6 0.01247 correct
