algebra: 330 26 0 53 0 0 correct
[2K[1A[2K[1A[2K[1A[2K[1A[2K[0Garray.chunk: 372 5 0 14 0 0 correct
array-last: 329 11 0 53 0 0 correct
array-range: 326 6 0 18 0 0 correct
arr-diff: 329 5 0 67 0 0 correct
arr-flatten: 329 5 0 967 0 0 correct
concat-stream: 330 19 2 474 26 0.07879 correct
deep-bind: 332 7 0 7 0 0 correct
file-size: 330 7 1 287 2 0.00606 correct
fs-promise: 330 8 135 446 168 0.50909 correct
get-value: 353 10 0 1022 0 0 correct
group-array: 333 17 0 1890 0 0 correct
has-key-deep: 329 2 0 2 0 0 correct
has-value: 329 9 0 143 0 0 correct
he: 329 8 6 306 7 0.02128 correct
identity-function: 330 2 0 2 0 0 correct
in-array: 329 2 0 2 0 0 correct
is-empty-object: 327 8 0 23 0 0 correct
is-generator: 331 2 2 4 3 0.00906 correct
is-number: 329 5 0 177 0 0 correct
is-promise: 328 2 0 2 0 0 correct
is-sorted: 330 7 0 69 0 0 correct
left-pad: 326 2 0 2 0 0 correct
missing-deep-keys: 332 6 0 8 0 0 correct
missing-deep-keys: 328 6 2 8 3 0.00915 correct
ndarray: 327 13 0 110 0 0 correct
node-du: 327 7 0 11 0 0 correct
node-glob: 357 17 0 41 0 0 correct
node-glob: 357 19 0 45 0 0 correct
node-glob: 357 26 0 121 0 0 correct
node-glob: 357 26 0 499 0 0 correct
node-glob: 395 26 0 186 0 0 correct
node-glob: 357 21 0 55 0 0 correct
node-glob: 357 19 0 49 0 0 correct
node-glob: 357 19 0 43 0 0 correct
node-glob: 357 26 0 465 0 0 correct
node-glob: 357 26 0 2456 0 0 correct
node-glob: 357 19 0 43 0 0 correct
node-glob: 357 22 0 69 0 0 correct
node-glob: 357 26 0 276 0 0 correct
node-glob: 357 26 0 201 0 0 correct
node-glob: 395 24 0 255 0 0 correct
node-glob: 357 19 0 43 0 0 correct
node-glob: 357 24 0 109 0 0 correct
node-glob: 357 26 0 325 0 0 correct
node-glob: 357 19 0 49 0 0 correct
node-glob: 357 26 0 319 0 0 correct
node-glob: 357 19 0 43 0 0 correct
node-glob: 357 28 0 2793 0 0 correct
node-glob: 357 26 0 189 0 0 correct
node-glob: 357 26 0 408 0 0 correct
node-glob: 357 21 0 48 0 0 correct
node-glob: 357 19 0 43 0 0 correct
node-glob: 357 19 0 45 0 0 correct
node-glob: 357 17 0 41 0 0 correct
node-slug: 332 7 1 21 2 0.00602 correct
node-stream-spigot: 328 10 0 27 0 0 correct
not-defined: 326 7 0 24 0 0 correct
once: 366 7 0 13 0 0 correct
pad-left: 329 5 0 5 0 0 correct
pad-left-simple: 329 4 0 8 0 0 correct
parse-next-json-value: 354 5 0 5 0 0 correct
periods: 326 1 14 14 14 0.04294 correct
property-validator: 329 10 0 20 0 0 correct
rimraf: 333 10 0 16 0 0 correct
rimraf: 358 10 0 16 0 0 correct
rimraf: 333 10 0 16 0 0 correct
rtrim: 329 2 0 2 0 0 correct
schema-inspector: 332 5 0 5 0 0 correct
set-value: 329 14 3 331 70 0.21277 correct
static-props: 329 5 2 22 2 0.00608 correct
syncthrough: 361 10 2 22 2 0.00554 correct
through2: 358 12 2 72 2 0.00559 correct
through2-map: 327 6 0 14 0 0 correct
time-stamp: 329 6 0 164 0 0 correct
unordered-array-remove: 330 2 0 2 0 0 correct
zipmap: 329 9 3 43 6 0.01824 correct
