algebra: 766 26 0 53 0 0 correct
[2K[1A[2K[1A[2K[1A[2K[1A[2K[0Garray.chunk: 1173 5 0 14 0 0 correct
array-last: 795 11 0 53 0 0 correct
array-range: 390 6 0 18 0 0 correct
arr-diff: 776 5 0 67 0 0 correct
arr-flatten: 795 5 0 967 0 0 correct
concat-stream: 681 19 2 474 26 0.03818 correct
deep-bind: 1233 7 0 7 0 0 correct
file-size: 1057 7 1 287 2 0.00189 correct
fs-promise: 852 8 135 446 168 0.19718 correct
get-value: 864 10 0 1022 0 0 correct
group-array: 1281 17 0 1890 0 0 correct
has-key-deep: 776 2 0 2 0 0 correct
has-value: 795 9 0 143 0 0 correct
he: 553 8 6 306 7 0.01266 correct
identity-function: 695 2 0 2 0 0 correct
in-array: 776 2 0 2 0 0 correct
is-empty-object: 466 8 0 23 0 0 correct
is-generator: 797 2 2 4 3 0.00376 correct
is-number: 795 5 0 177 0 0 correct
is-promise: 658 2 0 2 0 0 correct
is-sorted: 681 7 0 69 0 0 correct
left-pad: 390 2 0 2 0 0 correct
missing-deep-keys: 1235 6 0 8 0 0 correct
missing-deep-keys: 388 6 2 8 3 0.00773 correct
ndarray: 467 13 0 110 0 0 correct
node-du: 454 7 0 11 0 0 correct
node-glob: 444 17 0 41 0 0 correct
node-glob: 444 19 0 45 0 0 correct
node-glob: 444 26 0 121 0 0 correct
node-glob: 444 26 0 499 0 0 correct
node-glob: 739 26 0 186 0 0 correct
node-glob: 444 21 0 55 0 0 correct
node-glob: 444 19 0 49 0 0 correct
node-glob: 457 19 0 43 0 0 correct
node-glob: 444 26 0 465 0 0 correct
node-glob: 457 26 0 2456 0 0 correct
node-glob: 444 19 0 43 0 0 correct
node-glob: 444 22 0 69 0 0 correct
node-glob: 444 26 0 276 0 0 correct
node-glob: 444 26 0 201 0 0 correct
node-glob: 739 24 0 255 0 0 correct
node-glob: 444 19 0 43 0 0 correct
node-glob: 444 24 0 109 0 0 correct
node-glob: 444 26 0 325 0 0 correct
node-glob: 444 19 0 49 0 0 correct
node-glob: 444 26 0 319 0 0 correct
node-glob: 444 19 0 43 0 0 correct
node-glob: 457 28 0 2793 0 0 correct
node-glob: 444 26 0 189 0 0 correct
node-glob: 444 26 0 408 0 0 correct
node-glob: 457 21 0 48 0 0 correct
node-glob: 444 19 0 43 0 0 correct
node-glob: 444 19 0 45 0 0 correct
node-glob: 444 17 0 41 0 0 correct
node-slug: 1041 7 1 21 2 0.00192 correct
node-stream-spigot: 537 10 0 27 0 0 correct
not-defined: 390 7 0 24 0 0 correct
once: 672 7 0 13 0 0 correct
pad-left: 776 5 0 5 0 0 correct
pad-left-simple: 795 4 0 8 0 0 correct
parse-next-json-value: 784 5 0 5 0 0 correct
periods: 390 1 14 14 14 0.0359 correct
property-validator: 776 10 0 20 0 0 correct
rimraf: 426 10 0 16 0 0 correct
rimraf: 729 10 0 16 0 0 correct
rimraf: 426 10 0 16 0 0 correct
rtrim: 795 2 0 2 0 0 correct
schema-inspector: 1233 5 0 5 0 0 correct
set-value: 795 14 3 331 70 0.08805 correct
static-props: 619 5 2 22 2 0.00323 correct
syncthrough: 820 10 2 22 2 0.00244 correct
through2: 555 12 2 72 2 0.0036 correct
through2-map: 466 6 0 14 0 0 correct
time-stamp: 795 6 0 164 0 0 correct
unordered-array-remove: 695 2 0 2 0 0 correct
zipmap: 776 9 3 43 6 0.00773 correct
