algebra: 357 26 0 53 0 0 correct
[2K[1A[2K[1A[2K[1A[2K[1A[2K[0Garray.chunk: 431 5 0 14 0 0 correct
array-last: 352 11 0 53 0 0 correct
array-range: 337 6 0 18 0 0 correct
arr-diff: 352 5 0 67 0 0 correct
arr-flatten: 352 5 0 967 0 0 correct
concat-stream: 357 19 2 474 26 0.07283 correct
deep-bind: 367 7 0 7 0 0 correct
file-size: 357 7 1 287 2 0.0056 correct
fs-promise: 357 8 135 446 168 0.47059 correct
get-value: 380 10 0 1022 0 0 correct
group-array: 372 17 0 1890 0 0 correct
has-key-deep: 352 2 0 2 0 0 correct
has-value: 352 9 0 143 0 0 correct
he: 348 8 6 306 7 0.02011 correct
identity-function: 357 2 0 2 0 0 correct
in-array: 352 2 0 2 0 0 correct
is-empty-object: 342 8 0 23 0 0 correct
is-generator: 354 2 2 4 3 0.00847 correct
is-number: 352 5 0 177 0 0 correct
is-promise: 347 2 0 2 0 0 correct
is-sorted: 357 7 0 69 0 0 correct
left-pad: 337 2 0 2 0 0 correct
missing-deep-keys: 367 6 0 8 0 0 correct
missing-deep-keys: 339 6 2 8 3 0.00885 correct
ndarray: 342 13 0 110 0 0 correct
node-du: 342 7 0 11 0 0 correct
node-glob: 375 17 0 41 0 0 correct
node-glob: 375 19 0 45 0 0 correct
node-glob: 375 26 0 121 0 0 correct
node-glob: 375 26 0 499 0 0 correct
node-glob: 418 26 0 186 0 0 correct
node-glob: 375 21 0 55 0 0 correct
node-glob: 375 19 0 49 0 0 correct
node-glob: 375 19 0 43 0 0 correct
node-glob: 375 26 0 465 0 0 correct
node-glob: 375 26 0 2456 0 0 correct
node-glob: 375 19 0 43 0 0 correct
node-glob: 375 22 0 69 0 0 correct
node-glob: 375 26 0 276 0 0 correct
node-glob: 375 26 0 201 0 0 correct
node-glob: 418 24 0 255 0 0 correct
node-glob: 375 19 0 43 0 0 correct
node-glob: 375 24 0 109 0 0 correct
node-glob: 375 26 0 325 0 0 correct
node-glob: 375 19 0 49 0 0 correct
node-glob: 375 26 0 319 0 0 correct
node-glob: 375 19 0 43 0 0 correct
node-glob: 375 28 0 2793 0 0 correct
node-glob: 375 26 0 189 0 0 correct
node-glob: 375 26 0 408 0 0 correct
node-glob: 375 21 0 48 0 0 correct
node-glob: 375 19 0 43 0 0 correct
node-glob: 375 19 0 45 0 0 correct
node-glob: 375 17 0 41 0 0 correct
node-slug: 363 7 1 21 2 0.00551 correct
node-stream-spigot: 347 10 0 27 0 0 correct
not-defined: 337 7 0 24 0 0 correct
once: 393 7 0 13 0 0 correct
pad-left: 352 5 0 5 0 0 correct
pad-left-simple: 352 4 0 8 0 0 correct
parse-next-json-value: 386 5 0 5 0 0 correct
periods: 337 1 14 14 14 0.04154 correct
property-validator: 352 10 0 20 0 0 correct
rimraf: 350 10 0 16 0 0 correct
rimraf: 383 10 0 16 0 0 correct
rimraf: 350 10 0 16 0 0 correct
rtrim: 352 2 0 2 0 0 correct
schema-inspector: 367 5 0 5 0 0 correct
set-value: 352 14 3 331 70 0.19886 correct
static-props: 352 5 2 22 2 0.00568 correct
syncthrough: 399 10 2 22 2 0.00501 correct
through2: 381 12 2 72 2 0.00525 correct
through2-map: 342 6 0 14 0 0 correct
time-stamp: 352 6 0 164 0 0 correct
unordered-array-remove: 357 2 0 2 0 0 correct
zipmap: 352 9 3 43 6 0.01705 correct
