algebra: 402 26 0 53 0 0 correct
[2K[1A[2K[1A[2K[1A[2K[1A[2K[0Garray.chunk: 505 5 0 14 0 0 correct
array-last: 390 11 0 53 0 0 correct
array-range: 351 6 0 18 0 0 correct
arr-diff: 389 5 0 67 0 0 correct
arr-flatten: 390 5 0 967 0 0 correct
concat-stream: 396 19 2 474 26 0.06566 correct
deep-bind: 464 7 0 7 0 0 correct
file-size: 415 7 1 287 2 0.00482 correct
fs-promise: 399 8 135 446 168 0.42105 correct
get-value: 422 10 0 1022 0 0 correct
group-array: 471 17 0 1890 0 0 correct
has-key-deep: 389 2 0 2 0 0 correct
has-value: 390 9 0 143 0 0 correct
he: 414 8 6 306 7 0.01691 correct
identity-function: 397 2 0 2 0 0 correct
in-array: 389 2 0 2 0 0 correct
is-empty-object: 364 8 0 23 0 0 correct
is-generator: 392 2 2 4 3 0.00765 correct
is-number: 390 5 0 177 0 0 correct
is-promise: 378 2 0 2 0 0 correct
is-sorted: 396 7 0 69 0 0 correct
left-pad: 351 2 0 2 0 0 correct
missing-deep-keys: 463 6 0 8 0 0 correct
missing-deep-keys: 353 6 2 8 3 0.0085 correct
ndarray: 364 13 0 110 0 0 correct
node-du: 365 7 0 11 0 0 correct
node-glob: 397 17 0 41 0 0 correct
node-glob: 397 19 0 45 0 0 correct
node-glob: 397 26 0 121 0 0 correct
node-glob: 397 26 0 499 0 0 correct
node-glob: 472 26 0 186 0 0 correct
node-glob: 397 21 0 55 0 0 correct
node-glob: 397 19 0 49 0 0 correct
node-glob: 398 19 0 43 0 0 correct
node-glob: 397 26 0 465 0 0 correct
node-glob: 398 26 0 2456 0 0 correct
node-glob: 397 19 0 43 0 0 correct
node-glob: 397 22 0 69 0 0 correct
node-glob: 397 26 0 276 0 0 correct
node-glob: 397 26 0 201 0 0 correct
node-glob: 472 24 0 255 0 0 correct
node-glob: 397 19 0 43 0 0 correct
node-glob: 397 24 0 109 0 0 correct
node-glob: 397 26 0 325 0 0 correct
node-glob: 397 19 0 49 0 0 correct
node-glob: 397 26 0 319 0 0 correct
node-glob: 397 19 0 43 0 0 correct
node-glob: 398 28 0 2793 0 0 correct
node-glob: 397 26 0 189 0 0 correct
node-glob: 397 26 0 408 0 0 correct
node-glob: 398 21 0 48 0 0 correct
node-glob: 397 19 0 43 0 0 correct
node-glob: 397 19 0 45 0 0 correct
node-glob: 397 17 0 41 0 0 correct
node-slug: 421 7 1 21 2 0.00475 correct
node-stream-spigot: 375 10 0 27 0 0 correct
not-defined: 351 7 0 24 0 0 correct
once: 511 7 0 13 0 0 correct
pad-left: 389 5 0 5 0 0 correct
pad-left-simple: 390 4 0 8 0 0 correct
parse-next-json-value: 431 5 0 5 0 0 correct
periods: 351 1 14 14 14 0.03989 correct
property-validator: 389 10 0 20 0 0 correct
rimraf: 372 10 0 16 0 0 correct
rimraf: 439 10 0 16 0 0 correct
rimraf: 372 10 0 16 0 0 correct
rtrim: 390 2 0 2 0 0 correct
schema-inspector: 464 5 0 5 0 0 correct
set-value: 390 14 3 331 70 0.17949 correct
static-props: 386 5 2 22 2 0.00518 correct
syncthrough: 452 10 2 22 2 0.00442 correct
through2: 413 12 2 72 2 0.00484 correct
through2-map: 364 6 0 14 0 0 correct
time-stamp: 390 6 0 164 0 0 correct
unordered-array-remove: 397 2 0 2 0 0 correct
zipmap: 389 9 3 43 6 0.01542 correct
