algebra: 575 26 0 53 0 0 correct
[2K[1A[2K[1A[2K[1A[2K[1A[2K[0Garray.chunk: 663 5 0 14 0 0 correct
array-last: 581 11 0 53 0 0 correct
array-range: 365 6 0 18 0 0 correct
arr-diff: 564 5 0 67 0 0 correct
arr-flatten: 581 5 0 967 0 0 correct
concat-stream: 482 19 2 474 26 0.05394 correct
deep-bind: 681 7 0 7 0 0 correct
file-size: 639 7 1 287 2 0.00313 correct
fs-promise: 601 8 135 446 168 0.27953 correct
get-value: 618 10 0 1022 0 0 correct
group-array: 695 17 0 1890 0 0 correct
has-key-deep: 564 2 0 2 0 0 correct
has-value: 581 9 0 143 0 0 correct
he: 472 8 6 306 7 0.01483 correct
identity-function: 487 2 0 2 0 0 correct
in-array: 564 2 0 2 0 0 correct
is-empty-object: 401 8 0 23 0 0 correct
is-generator: 583 2 2 4 3 0.00515 correct
is-number: 581 5 0 177 0 0 correct
is-promise: 486 2 0 2 0 0 correct
is-sorted: 482 7 0 69 0 0 correct
left-pad: 365 2 0 2 0 0 correct
missing-deep-keys: 680 6 0 8 0 0 correct
missing-deep-keys: 363 6 2 8 3 0.00826 correct
ndarray: 401 13 0 110 0 0 correct
node-du: 394 7 0 11 0 0 correct
node-glob: 415 17 0 41 0 0 correct
node-glob: 415 19 0 45 0 0 correct
node-glob: 415 26 0 121 0 0 correct
node-glob: 415 26 0 499 0 0 correct
node-glob: 570 26 0 186 0 0 correct
node-glob: 415 21 0 55 0 0 correct
node-glob: 415 19 0 49 0 0 correct
node-glob: 421 19 0 43 0 0 correct
node-glob: 415 26 0 465 0 0 correct
node-glob: 421 26 0 2456 0 0 correct
node-glob: 415 19 0 43 0 0 correct
node-glob: 415 22 0 69 0 0 correct
node-glob: 415 26 0 276 0 0 correct
node-glob: 415 26 0 201 0 0 correct
node-glob: 570 24 0 255 0 0 correct
node-glob: 415 19 0 43 0 0 correct
node-glob: 415 24 0 109 0 0 correct
node-glob: 415 26 0 325 0 0 correct
node-glob: 415 19 0 49 0 0 correct
node-glob: 415 26 0 319 0 0 correct
node-glob: 415 19 0 43 0 0 correct
node-glob: 421 28 0 2793 0 0 correct
node-glob: 415 26 0 189 0 0 correct
node-glob: 415 26 0 408 0 0 correct
node-glob: 421 21 0 48 0 0 correct
node-glob: 415 19 0 43 0 0 correct
node-glob: 415 19 0 45 0 0 correct
node-glob: 415 17 0 41 0 0 correct
node-slug: 621 7 1 21 2 0.00322 correct
node-stream-spigot: 429 10 0 27 0 0 correct
not-defined: 365 7 0 24 0 0 correct
once: 577 7 0 13 0 0 correct
pad-left: 564 5 0 5 0 0 correct
pad-left-simple: 581 4 0 8 0 0 correct
parse-next-json-value: 536 5 0 5 0 0 correct
periods: 365 1 14 14 14 0.03836 correct
property-validator: 564 10 0 20 0 0 correct
rimraf: 393 10 0 16 0 0 correct
rimraf: 535 10 0 16 0 0 correct
rimraf: 393 10 0 16 0 0 correct
rtrim: 581 2 0 2 0 0 correct
schema-inspector: 681 5 0 5 0 0 correct
set-value: 581 14 3 331 70 0.12048 correct
static-props: 459 5 2 22 2 0.00436 correct
syncthrough: 564 10 2 22 2 0.00355 correct
through2: 464 12 2 72 2 0.00431 correct
through2-map: 401 6 0 14 0 0 correct
time-stamp: 581 6 0 164 0 0 correct
unordered-array-remove: 487 2 0 2 0 0 correct
zipmap: 564 9 3 43 6 0.01064 correct
