algebra: 306 26 0 53 0 0 correct
[2K[1A[2K[1A[2K[1A[2K[1A[2K[0Garray.chunk: 325 5 0 14 0 0 correct
array-last: 306 11 0 53 0 0 correct
array-range: 306 6 0 18 0 0 correct
arr-diff: 306 5 0 67 0 0 correct
arr-flatten: 306 5 0 967 0 0 correct
concat-stream: 306 19 2 474 26 0.08497 correct
deep-bind: 306 7 0 7 0 0 correct
file-size: 306 7 1 287 2 0.00654 correct
fs-promise: 306 8 135 446 168 0.54902 correct
get-value: 329 10 0 1022 0 0 correct
group-array: 306 17 0 1890 0 0 correct
has-key-deep: 306 2 0 2 0 0 correct
has-value: 306 9 0 143 0 0 correct
he: 307 8 6 306 7 0.0228 correct
identity-function: 306 2 0 2 0 0 correct
in-array: 306 2 0 2 0 0 correct
is-empty-object: 306 8 0 23 0 0 correct
is-generator: 306 2 2 4 3 0.0098 correct
is-number: 306 5 0 177 0 0 correct
is-promise: 306 2 0 2 0 0 correct
is-sorted: 306 7 0 69 0 0 correct
left-pad: 306 2 0 2 0 0 correct
missing-deep-keys: 306 6 0 8 0 0 correct
missing-deep-keys: 306 6 2 8 3 0.0098 correct
ndarray: 306 13 0 110 0 0 correct
node-du: 306 7 0 11 0 0 correct
node-glob: 331 17 0 41 0 0 correct
node-glob: 331 19 0 45 0 0 correct
node-glob: 331 26 0 121 0 0 correct
node-glob: 331 26 0 499 0 0 correct
node-glob: 331 26 0 186 0 0 correct
node-glob: 331 21 0 55 0 0 correct
node-glob: 331 19 0 49 0 0 correct
node-glob: 331 19 0 43 0 0 correct
node-glob: 331 26 0 465 0 0 correct
node-glob: 331 26 0 2456 0 0 correct
node-glob: 331 19 0 43 0 0 correct
node-glob: 331 22 0 69 0 0 correct
node-glob: 331 26 0 276 0 0 correct
node-glob: 331 26 0 201 0 0 correct
node-glob: 331 24 0 255 0 0 correct
node-glob: 331 19 0 43 0 0 correct
node-glob: 331 24 0 109 0 0 correct
node-glob: 331 26 0 325 0 0 correct
node-glob: 331 19 0 49 0 0 correct
node-glob: 331 26 0 319 0 0 correct
node-glob: 331 19 0 43 0 0 correct
node-glob: 331 28 0 2793 0 0 correct
node-glob: 331 26 0 189 0 0 correct
node-glob: 331 26 0 408 0 0 correct
node-glob: 331 21 0 48 0 0 correct
node-glob: 331 19 0 43 0 0 correct
node-glob: 331 19 0 45 0 0 correct
node-glob: 331 17 0 41 0 0 correct
node-slug: 307 7 1 21 2 0.00651 correct
node-stream-spigot: 306 10 0 27 0 0 correct
not-defined: 306 7 0 24 0 0 correct
once: 332 7 0 13 0 0 correct
pad-left: 306 5 0 5 0 0 correct
pad-left-simple: 306 4 0 8 0 0 correct
parse-next-json-value: 329 5 0 5 0 0 correct
periods: 306 1 14 14 14 0.04575 correct
property-validator: 306 10 0 20 0 0 correct
rimraf: 308 10 0 16 0 0 correct
rimraf: 330 10 0 16 0 0 correct
rimraf: 308 10 0 16 0 0 correct
rtrim: 306 2 0 2 0 0 correct
schema-inspector: 306 5 0 5 0 0 correct
set-value: 306 14 3 331 70 0.22876 correct
static-props: 306 5 2 22 2 0.00654 correct
syncthrough: 331 10 2 22 2 0.00604 correct
through2: 331 12 2 72 2 0.00604 correct
through2-map: 306 6 0 14 0 0 correct
time-stamp: 306 6 0 164 0 0 correct
unordered-array-remove: 306 2 0 2 0 0 correct
zipmap: 306 9 3 43 6 0.01961 correct
