algebra: 71 26 0 53 0 0 correct
array.chunk: 71 5 0 14 0 0 correct
array-last: 71 9 0 29 0 0 correct
array-range: 71 6 0 18 0 0 correct
arr-diff: 71 3 0 28 0 0 correct
arr-flatten: 71 3 0 388 0 0 correct
concat-stream: 71 13 2 249 26 0.3662 correct
deep-bind: 71 7 0 7 0 0 correct
file-size: 71 3 1 116 2 0.02817 correct
fs-promise: 71 8 135 446 168 2.3662 correct
get-value: 71 8 0 419 0 0 correct
group-array: 71 15 0 1509 0 0 correct
has-key-deep: 71 2 0 2 0 0 correct
has-value: 71 7 0 62 0 0 correct
he: 71 6 5 230 5 0.07042 correct
identity-function: 71 2 0 2 0 0 correct
in-array: 71 2 0 2 0 0 correct
is-empty-object: 71 4 0 8 0 0 correct
is-generator: 71 2 2 4 3 0.04225 correct
is-number: 71 3 0 102 0 0 correct
is-promise: 71 2 0 2 0 0 correct
is-sorted: 71 5 0 30 0 0 correct
left-pad: 71 2 0 2 0 0 correct
missing-deep-keys: 71 6 0 8 0 0 correct
missing-deep-keys: 71 6 2 8 3 0.04225 correct
ndarray: 71 11 0 104 0 0 correct
node-du: 71 7 0 11 0 0 correct
node-glob: 71 17 0 41 0 0 correct
node-glob: 71 19 0 45 0 0 correct
node-glob: 71 21 0 85 0 0 correct
node-glob: 71 21 0 253 0 0 correct
node-glob: 71 21 0 141 0 0 correct
node-glob: 71 21 0 55 0 0 correct
node-glob: 71 19 0 49 0 0 correct
node-glob: 71 19 0 43 0 0 correct
node-glob: 71 21 0 267 0 0 correct
node-glob: 71 21 0 1313 0 0 correct
node-glob: 71 19 0 43 0 0 correct
node-glob: 71 20 0 63 0 0 correct
node-glob: 71 21 0 159 0 0 correct
node-glob: 71 21 0 135 0 0 correct
node-glob: 71 20 0 129 0 0 correct
node-glob: 71 19 0 43 0 0 correct
node-glob: 71 20 0 73 0 0 correct
node-glob: 71 21 0 187 0 0 correct
node-glob: 71 19 0 49 0 0 correct
node-glob: 71 21 0 187 0 0 correct
node-glob: 71 19 0 43 0 0 correct
node-glob: 71 21 0 1455 0 0 correct
node-glob: 71 21 0 123 0 0 correct
node-glob: 71 21 0 243 0 0 correct
node-glob: 71 19 0 45 0 0 correct
node-glob: 71 19 0 43 0 0 correct
node-glob: 71 19 0 45 0 0 correct
node-glob: 71 17 0 41 0 0 correct
node-slug: 71 7 1 21 2 0.02817 correct
node-stream-spigot: 71 8 0 21 0 0 correct
not-defined: 71 5 0 18 0 0 correct
once: 71 7 0 13 0 0 correct
pad-left: 71 5 0 5 0 0 correct
pad-left-simple: 71 4 0 8 0 0 correct
parse-next-json-value: 71 5 0 5 0 0 correct
periods: 71 1 14 14 14 0.19718 correct
property-validator: 71 10 0 20 0 0 correct
rimraf: 71 9 0 16 0 0 correct
rimraf: 71 9 0 16 0 0 correct
rimraf: 71 9 0 16 0 0 correct
rtrim: 71 2 0 2 0 0 correct
schema-inspector: 71 5 0 5 0 0 correct
set-value: 71 9 0 185 0 0 correct
static-props: 71 3 2 10 2 0.02817 correct
syncthrough: 71 10 2 22 2 0.02817 correct
through2: 71 8 2 36 2 0.02817 correct
through2-map: 71 6 0 14 0 0 correct
time-stamp: 71 6 0 164 0 0 correct
unordered-array-remove: 71 2 0 2 0 0 correct
zipmap: 71 7 3 22 6 0.08451 correct
