algebra: 322 26 0 53 0 0 correct
array.chunk: 346 5 0 14 0 0 correct
array-last: 322 11 0 53 0 0 correct
array-range: 322 6 0 18 0 0 correct
arr-diff: 322 5 0 67 0 0 correct
arr-flatten: 322 5 0 967 0 0 correct
concat-stream: 322 19 2 474 26 0.08075 correct
deep-bind: 322 7 0 7 0 0 correct
file-size: 322 7 1 287 2 0.00621 correct
fs-promise: 322 8 135 446 168 0.52174 correct
get-value: 346 10 0 1022 0 0 correct
group-array: 322 17 0 1890 0 0 correct
has-key-deep: 322 2 0 2 0 0 correct
has-value: 322 9 0 143 0 0 correct
he: 323 8 6 306 7 0.02167 correct
identity-function: 322 2 0 2 0 0 correct
in-array: 322 2 0 2 0 0 correct
is-empty-object: 322 8 0 23 0 0 correct
is-generator: 324 2 2 4 3 0.00926 correct
is-number: 322 5 0 177 0 0 correct
is-promise: 322 2 0 2 0 0 correct
is-sorted: 322 7 0 69 0 0 correct
left-pad: 322 2 0 2 0 0 correct
missing-deep-keys: 322 6 0 8 0 0 correct
missing-deep-keys: 324 6 2 8 3 0.00926 correct
ndarray: 322 13 0 110 0 0 correct
node-du: 322 7 0 11 0 0 correct
node-glob: 350 17 0 41 0 0 correct
node-glob: 350 19 0 45 0 0 correct
node-glob: 350 26 0 121 0 0 correct
node-glob: 350 26 0 499 0 0 correct
node-glob: 386 26 0 186 0 0 correct
node-glob: 350 21 0 55 0 0 correct
node-glob: 350 19 0 49 0 0 correct
node-glob: 350 19 0 43 0 0 correct
node-glob: 350 26 0 465 0 0 correct
node-glob: 350 26 0 2456 0 0 correct
node-glob: 350 19 0 43 0 0 correct
node-glob: 350 22 0 69 0 0 correct
node-glob: 350 26 0 276 0 0 correct
node-glob: 350 26 0 201 0 0 correct
node-glob: 386 24 0 255 0 0 correct
node-glob: 350 19 0 43 0 0 correct
node-glob: 350 24 0 109 0 0 correct
node-glob: 350 26 0 325 0 0 correct
node-glob: 350 19 0 49 0 0 correct
node-glob: 350 26 0 319 0 0 correct
node-glob: 350 19 0 43 0 0 correct
node-glob: 350 28 0 2793 0 0 correct
node-glob: 350 26 0 189 0 0 correct
node-glob: 350 26 0 408 0 0 correct
node-glob: 350 21 0 48 0 0 correct
node-glob: 350 19 0 43 0 0 correct
node-glob: 350 19 0 45 0 0 correct
node-glob: 350 17 0 41 0 0 correct
node-slug: 323 7 1 21 2 0.00619 correct
node-stream-spigot: 322 10 0 27 0 0 correct
not-defined: 322 7 0 24 0 0 correct
once: 353 7 0 13 0 0 correct
pad-left: 322 5 0 5 0 0 correct
pad-left-simple: 322 4 0 8 0 0 correct
parse-next-json-value: 346 5 0 5 0 0 correct
periods: 322 1 14 14 14 0.04348 correct
property-validator: 322 10 0 20 0 0 correct
rimraf: 326 10 0 16 0 0 correct
rimraf: 348 10 0 16 0 0 correct
rimraf: 326 10 0 16 0 0 correct
rtrim: 322 2 0 2 0 0 correct
schema-inspector: 322 5 0 5 0 0 correct
set-value: 322 14 3 331 70 0.21739 correct
static-props: 322 5 2 22 2 0.00621 correct
syncthrough: 350 10 2 22 2 0.00571 correct
through2: 350 12 2 72 2 0.00571 correct
through2-map: 322 6 0 14 0 0 correct
time-stamp: 322 6 0 164 0 0 correct
unordered-array-remove: 322 2 0 2 0 0 correct
zipmap: 322 9 3 43 6 0.01863 correct
