algebra: 285 26 0 53 0 0 correct
array.chunk: 292 5 0 14 0 0 correct
array-last: 285 11 0 53 0 0 correct
array-range: 285 6 0 18 0 0 correct
arr-diff: 285 5 0 67 0 0 correct
arr-flatten: 285 5 0 967 0 0 correct
concat-stream: 285 19 2 474 26 0.09123 correct
deep-bind: 285 7 0 7 0 0 correct
file-size: 285 7 1 287 2 0.00702 correct
fs-promise: 285 8 135 446 168 0.58947 correct
get-value: 287 10 0 1022 0 0 correct
group-array: 285 17 0 1890 0 0 correct
has-key-deep: 285 2 0 2 0 0 correct
has-value: 285 9 0 143 0 0 correct
he: 285 8 5 308 5 0.01754 correct
identity-function: 285 2 0 2 0 0 correct
in-array: 285 2 0 2 0 0 correct
is-empty-object: 285 8 0 23 0 0 correct
is-generator: 285 2 2 4 3 0.01053 correct
is-number: 285 5 0 177 0 0 correct
is-promise: 285 2 0 2 0 0 correct
is-sorted: 285 7 0 69 0 0 correct
left-pad: 285 2 0 2 0 0 correct
missing-deep-keys: 285 6 0 8 0 0 correct
missing-deep-keys: 285 6 2 8 3 0.01053 correct
ndarray: 285 13 0 110 0 0 correct
node-du: 285 7 0 11 0 0 correct
node-glob: 287 17 0 41 0 0 correct
node-glob: 287 19 0 45 0 0 correct
node-glob: 287 26 0 121 0 0 correct
node-glob: 287 26 0 499 0 0 correct
node-glob: 286 26 0 186 0 0 correct
node-glob: 287 21 0 55 0 0 correct
node-glob: 287 19 0 49 0 0 correct
node-glob: 287 19 0 43 0 0 correct
node-glob: 287 26 0 465 0 0 correct
node-glob: 287 26 0 2456 0 0 correct
node-glob: 287 19 0 43 0 0 correct
node-glob: 287 22 0 69 0 0 correct
node-glob: 287 26 0 276 0 0 correct
node-glob: 287 26 0 201 0 0 correct
node-glob: 286 24 0 255 0 0 correct
node-glob: 287 19 0 43 0 0 correct
node-glob: 287 24 0 109 0 0 correct
node-glob: 287 26 0 325 0 0 correct
node-glob: 287 19 0 49 0 0 correct
node-glob: 287 26 0 319 0 0 correct
node-glob: 287 19 0 43 0 0 correct
node-glob: 287 28 0 2793 0 0 correct
node-glob: 287 26 0 189 0 0 correct
node-glob: 287 26 0 408 0 0 correct
node-glob: 287 21 0 48 0 0 correct
node-glob: 287 19 0 43 0 0 correct
node-glob: 287 19 0 45 0 0 correct
node-glob: 287 17 0 41 0 0 correct
node-slug: 286 7 1 21 2 0.00699 correct
node-stream-spigot: 285 10 0 27 0 0 correct
not-defined: 285 7 0 24 0 0 correct
once: 287 7 0 13 0 0 correct
pad-left: 285 5 0 5 0 0 correct
pad-left-simple: 285 4 0 8 0 0 correct
parse-next-json-value: 287 5 0 5 0 0 correct
periods: 285 1 14 14 14 0.04912 correct
property-validator: 285 10 0 20 0 0 correct
rimraf: 285 10 0 16 0 0 correct
rimraf: 286 10 0 16 0 0 correct
rimraf: 285 10 0 16 0 0 correct
rtrim: 285 2 0 2 0 0 correct
schema-inspector: 285 5 0 5 0 0 correct
set-value: 285 14 1 399 2 0.00702 correct
static-props: 285 5 2 22 2 0.00702 correct
syncthrough: 287 10 2 22 2 0.00697 correct
through2: 287 12 2 72 2 0.00697 correct
through2-map: 285 6 0 14 0 0 correct
time-stamp: 285 6 0 164 0 0 correct
unordered-array-remove: 285 2 0 2 0 0 correct
zipmap: 285 9 3 43 6 0.02105 correct
