algebra: 325 26 0 53 0 0 correct
[2K[1A[2K[1A[2K[1A[2K[1A[2K[0Garray.chunk: 349 5 0 14 0 0 correct
array-last: 325 11 0 53 0 0 correct
array-range: 325 6 0 18 0 0 correct
arr-diff: 325 5 0 67 0 0 correct
arr-flatten: 325 5 0 967 0 0 correct
concat-stream: 325 19 2 474 26 0.08 correct
deep-bind: 325 7 0 7 0 0 correct
file-size: 325 7 1 287 2 0.00615 correct
fs-promise: 325 8 135 446 168 0.51692 correct
get-value: 349 10 0 1022 0 0 correct
group-array: 325 17 0 1890 0 0 correct
has-key-deep: 325 2 0 2 0 0 correct
has-value: 325 9 0 143 0 0 correct
he: 326 8 6 306 7 0.02147 correct
identity-function: 325 2 0 2 0 0 correct
in-array: 325 2 0 2 0 0 correct
is-empty-object: 325 8 0 23 0 0 correct
is-generator: 327 2 2 4 3 0.00917 correct
is-number: 325 5 0 177 0 0 correct
is-promise: 325 2 0 2 0 0 correct
is-sorted: 325 7 0 69 0 0 correct
left-pad: 325 2 0 2 0 0 correct
missing-deep-keys: 325 6 0 8 0 0 correct
missing-deep-keys: 327 6 2 8 3 0.00917 correct
ndarray: 325 13 0 110 0 0 correct
node-du: 325 7 0 11 0 0 correct
node-glob: 353 17 0 41 0 0 correct
node-glob: 353 19 0 45 0 0 correct
node-glob: 353 26 0 121 0 0 correct
node-glob: 353 26 0 499 0 0 correct
node-glob: 389 26 0 186 0 0 correct
node-glob: 353 21 0 55 0 0 correct
node-glob: 353 19 0 49 0 0 correct
node-glob: 353 19 0 43 0 0 correct
node-glob: 353 26 0 465 0 0 correct
node-glob: 353 26 0 2456 0 0 correct
node-glob: 353 19 0 43 0 0 correct
node-glob: 353 22 0 69 0 0 correct
node-glob: 353 26 0 276 0 0 correct
node-glob: 353 26 0 201 0 0 correct
node-glob: 389 24 0 255 0 0 correct
node-glob: 353 19 0 43 0 0 correct
node-glob: 353 24 0 109 0 0 correct
node-glob: 353 26 0 325 0 0 correct
node-glob: 353 19 0 49 0 0 correct
node-glob: 353 26 0 319 0 0 correct
node-glob: 353 19 0 43 0 0 correct
node-glob: 353 28 0 2788 0 0 correct
node-glob: 353 26 0 189 0 0 correct
node-glob: 353 26 0 408 0 0 correct
node-glob: 353 21 0 48 0 0 correct
node-glob: 353 19 0 43 0 0 correct
node-glob: 353 19 0 45 0 0 correct
node-glob: 353 17 0 41 0 0 correct
node-slug: 326 7 1 21 2 0.00613 correct
node-stream-spigot: 325 10 0 27 0 0 correct
not-defined: 325 7 0 24 0 0 correct
once: 356 7 0 13 0 0 correct
pad-left: 325 5 0 5 0 0 correct
pad-left-simple: 325 4 0 8 0 0 correct
parse-next-json-value: 349 5 0 5 0 0 correct
periods: 325 1 14 14 14 0.04308 correct
property-validator: 325 10 0 20 0 0 correct
rimraf: 329 10 0 16 0 0 correct
rimraf: 351 10 0 16 0 0 correct
rimraf: 329 10 0 16 0 0 correct
rtrim: 325 2 0 2 0 0 correct
schema-inspector: 325 5 0 5 0 0 correct
set-value: 325 14 3 331 70 0.21538 correct
static-props: 325 5 2 22 2 0.00615 correct
syncthrough: 353 10 2 22 2 0.00567 correct
through2: 353 12 2 72 2 0.00567 correct
through2-map: 325 6 0 14 0 0 correct
time-stamp: 325 6 0 164 0 0 correct
unordered-array-remove: 325 2 0 2 0 0 correct
zipmap: 325 9 3 43 6 0.01846 correct
