algebra: 7 22 0 41 0 0 correct
array.chunk: 7 2 0 2 0 0 correct
array-first: 7 0 0 0 0 0 correct
array-last: 7 5 0 5 0 0 correct
array-range: 7 2 0 2 0 0 correct
arr-diff: 7 2 0 2 0 0 correct
arr-flatten: 7 2 0 2 0 0 correct
concat-stream: 7 5 0 5 0 0 correct
deep-bind: 7 5 0 5 0 0 correct
file-size: 7 2 1 2 2 0.28571 correct
fs-promise: 7 4 133 435 166 23.71429 correct
get-value: 7 5 0 5 0 0 correct
group-array: 7 7 0 11 0 0 correct
has-key-deep: 7 2 0 2 0 0 correct
has-value: 7 6 0 8 0 0 correct
he: 7 1 5 9 5 0.71429 correct
identity-function: 7 2 0 2 0 0 correct
in-array: 7 2 0 2 0 0 correct
is-empty-object: 7 2 0 2 0 0 correct
is-generator: 7 2 0 4 0 0 correct
is-number: 7 2 0 2 0 0 correct
is-promise: 7 2 0 2 0 0 correct
is-sorted: 7 2 0 2 0 0 correct
left-pad: 7 2 0 2 0 0 correct
missing-deep-keys: 7 6 0 8 0 0 correct
missing-deep-keys: 7 6 0 8 0 0 correct
ndarray: 7 6 0 8 0 0 correct
node-du: 7 7 0 11 0 0 correct
node-glob: 9 15 0 31 0 0 correct
node-glob: 9 15 0 31 0 0 correct
node-glob: 9 15 0 31 0 0 correct
node-glob: 9 15 0 31 0 0 correct
node-glob: 7 6 0 8 0 0 correct
node-glob: 9 15 0 31 0 0 correct
node-glob: 9 15 0 31 0 0 correct
node-glob: 9 15 0 31 0 0 correct
node-glob: 9 15 0 31 0 0 correct
node-glob: 9 15 0 31 0 0 correct
node-glob: 9 15 0 31 0 0 correct
node-glob: 9 15 0 31 0 0 correct
node-glob: 9 15 0 31 0 0 correct
node-glob: 9 15 0 31 0 0 correct
node-glob: 9 15 0 31 0 0 correct
node-glob: 7 6 0 8 0 0 correct
node-glob: 9 15 0 31 0 0 correct
node-glob: 9 15 0 31 0 0 correct
node-glob: 9 15 0 31 0 0 correct
node-glob: 9 15 0 31 0 0 correct
node-glob: 9 15 0 31 0 0 correct
node-glob: 9 15 0 31 0 0 correct
node-glob: 9 15 0 31 0 0 correct
node-glob: 9 15 0 31 0 0 correct
node-glob: 9 15 0 31 0 0 correct
node-glob: 9 15 0 31 0 0 correct
node-glob: 9 15 0 31 0 0 correct
node-glob: 9 15 0 31 0 0 correct
node-glob: 9 15 0 31 0 0 correct
node-slug: 7 5 1 5 2 0.28571 correct
node-stream-spigot: 7 5 0 11 0 0 correct
normalize-pkg: 7 0 7 0 11 1.57143 correct
not-defined: 7 2 0 2 0 0 correct
once: 7 5 0 7 0 0 correct
pad-left: 7 5 0 5 0 0 correct
pad-left-simple: 7 2 0 2 0 0 correct
parse-next-json-value: 7 5 0 5 0 0 correct
periods: 7 1 14 14 14 2 correct
property-validator: 7 5 0 5 0 0 correct
rimraf: 10 8 0 14 0 0 correct
rimraf: 7 8 0 14 0 0 correct
rimraf: 9 8 0 14 0 0 correct
rtrim: 7 2 0 2 0 0 correct
schema-inspector: 7 5 0 5 0 0 correct
set-value: 7 5 0 5 0 0 correct
static-props: 7 4 0 4 0 0 correct
syncthrough: 7 5 0 5 0 0 correct
through2: 7 5 0 9 0 0 correct
through2-map: 7 5 0 11 0 0 correct
time-stamp: 7 2 0 2 0 0 correct
unordered-array-remove: 7 2 0 2 0 0 correct
zipmap: 7 2 0 2 0 0 correct
