algebra: 314 24 4 43 6 0.01911 correct
array.chunk: 320 3 0 12 0 0 correct
array-first: 304 0 0 0 0 0 correct
array-last: 305 8 0 45 0 0 correct
array-range: 304 2 0 2 0 0 correct
arr-diff: 304 5 0 67 0 0 correct
arr-flatten: 304 5 0 967 0 0 correct
concat-stream: 306 17 1 466 24 0.07843 correct
deep-bind: 305 5 0 5 0 0 correct
file-size: 304 7 1 287 2 0.00658 correct
fs-promise: 426 5 139 437 174 0.40845 correct
get-value: 328 10 0 1022 0 0 correct
group-array: 307 12 0 1879 0 0 correct
has-key-deep: 304 2 0 2 0 0 correct
has-value: 306 9 0 143 0 0 correct
he: 305 8 6 306 7 0.02295 correct
identity-function: 304 2 0 2 0 0 correct
in-array: 304 2 0 2 0 0 correct
is-empty-object: 304 8 0 23 0 0 correct
is-generator: 304 2 2 4 3 0.00987 correct
is-number: 304 5 0 177 0 0 correct
is-promise: 304 2 0 2 0 0 correct
is-sorted: 304 5 0 67 0 0 correct
left-pad: 304 2 0 2 0 0 correct
missing-deep-keys: 306 6 0 8 0 0 correct
missing-deep-keys: 306 6 2 8 3 0.0098 correct
ndarray: 306 10 0 40 0 0 correct
node-du: 311 7 0 11 0 0 correct
node-glob: 344 17 0 33 0 0 correct
node-glob: 345 17 0 33 0 0 correct
node-glob: 346 25 0 109 0 0 correct
node-glob: 346 25 0 471 0 0 correct
node-glob: 333 14 0 89 0 0 correct
node-glob: 345 17 0 33 0 0 correct
node-glob: 344 17 0 33 0 0 correct
node-glob: 345 17 0 33 0 0 correct
node-glob: 346 25 0 453 0 0 correct
node-glob: 346 25 0 2444 0 0 correct
node-glob: 345 17 0 33 0 0 correct
node-glob: 344 20 0 43 0 0 correct
node-glob: 346 25 0 248 0 0 correct
node-glob: 346 25 0 183 0 0 correct
node-glob: 333 12 0 218 0 0 correct
node-glob: 344 17 0 33 0 0 correct
node-glob: 346 23 0 93 0 0 correct
node-glob: 346 25 0 305 0 0 correct
node-glob: 345 17 0 33 0 0 correct
node-glob: 346 25 0 309 0 0 correct
node-glob: 345 17 0 33 0 0 correct
node-glob: 347 27 0 2765 0 0 correct
node-glob: 346 25 0 175 0 0 correct
node-glob: 347 25 0 388 0 0 correct
node-glob: 345 20 0 38 0 0 correct
node-glob: 345 17 0 33 0 0 correct
node-glob: 344 17 0 33 0 0 correct
node-glob: 344 17 0 33 0 0 correct
node-slug: 323 7 1 21 2 0.00619 correct
node-stream-spigot: 314 8 0 21 0 0 correct
normalize-pkg: 318 0 10 0 16 0.05031 correct
not-defined: 304 7 0 24 0 0 correct
once: 331 7 0 11 0 0 correct
pad-left: 305 5 0 5 0 0 correct
pad-left-simple: 304 2 0 2 0 0 correct
parse-next-json-value: 343 5 0 5 0 0 correct
periods: 304 1 14 14 14 0.04605 correct
property-validator: 306 5 0 5 0 0 correct
rimraf: 328 10 0 16 0 0 correct
rimraf: 347 10 0 16 0 0 correct
rimraf: 327 10 0 16 0 0 correct
rtrim: 304 2 0 2 0 0 correct
schema-inspector: 310 5 0 5 0 0 correct
set-value: 305 14 3 331 70 0.22951 correct
static-props: 304 5 2 22 2 0.00658 correct
syncthrough: 331 5 2 5 2 0.00604 correct
through2: 332 11 2 69 2 0.00602 correct
through2-map: 306 5 0 11 0 0 correct
time-stamp: 304 4 0 116 0 0 correct
unordered-array-remove: 304 2 0 2 0 0 correct
zipmap: 304 7 3 41 6 0.01974 correct
