algebra: 297 0 0 0 0 0 correct
[2K[1A[2K[1A[2K[1A[2K[1A[2K[0Garray.chunk: 316 3 0 12 0 0 correct
array-first: 297 0 0 0 0 0 correct
array-last: 297 6 0 48 0 0 correct
array-range: 297 4 0 16 0 0 correct
arr-diff: 297 3 0 65 0 0 correct
arr-flatten: 297 3 0 965 0 0 correct
concat-stream: 297 12 1 487 2 0.00673 correct
deep-bind: 297 2 0 2 0 0 correct
file-size: 297 5 0 285 0 0 correct
fs-promise: 297 1 0 2 0 0 correct
get-value: 320 5 0 1017 0 0 correct
group-array: 297 7 0 1870 0 0 correct
has-key-deep: 297 0 0 0 0 0 correct
has-value: 297 3 0 135 0 0 correct
he: 298 7 0 299 0 0 correct
identity-function: 297 0 0 0 0 0 correct
in-array: 297 0 0 0 0 0 correct
is-empty-object: 297 6 0 21 0 0 correct
is-generator: 297 0 2 0 3 0.0101 correct
is-number: 297 3 0 175 0 0 correct
is-promise: 297 0 0 0 0 0 correct
is-sorted: 297 5 0 67 0 0 correct
left-pad: 297 0 0 0 0 0 correct
missing-deep-keys: 297 0 0 0 0 0 correct
missing-deep-keys: 297 0 2 0 3 0.0101 correct
ndarray: 297 7 0 102 0 0 correct
node-du: 297 0 0 0 0 0 correct
node-glob: 322 0 0 0 0 0 correct
node-glob: 322 2 0 4 0 0 correct
node-glob: 322 9 0 80 0 0 correct
node-glob: 322 9 0 458 0 0 correct
node-glob: 322 9 0 145 0 0 correct
node-glob: 322 4 0 14 0 0 correct
node-glob: 322 2 0 8 0 0 correct
node-glob: 322 2 0 2 0 0 correct
node-glob: 322 9 0 424 0 0 correct
node-glob: 322 9 0 2415 0 0 correct
node-glob: 322 2 0 2 0 0 correct
node-glob: 322 5 0 28 0 0 correct
node-glob: 322 9 0 235 0 0 correct
node-glob: 322 9 0 160 0 0 correct
node-glob: 322 7 0 214 0 0 correct
node-glob: 322 2 0 2 0 0 correct
node-glob: 322 7 0 68 0 0 correct
node-glob: 322 9 0 284 0 0 correct
node-glob: 322 2 0 8 0 0 correct
node-glob: 322 9 0 278 0 0 correct
node-glob: 322 2 0 2 0 0 correct
node-glob: 322 11 0 2752 0 0 correct
node-glob: 322 9 0 148 0 0 correct
node-glob: 322 9 0 367 0 0 correct
node-glob: 322 4 0 7 0 0 correct
node-glob: 322 2 0 2 0 0 correct
node-glob: 322 2 0 4 0 0 correct
node-glob: 322 0 0 0 0 0 correct
node-slug: 298 2 0 16 0 0 correct
node-stream-spigot: 297 3 0 10 0 0 correct
normalize-pkg: 297 0 3 0 5 0.01684 correct
not-defined: 297 5 0 22 0 0 correct
once: 323 2 0 6 0 0 correct
pad-left: 297 0 0 0 0 0 correct
pad-left-simple: 297 2 0 6 0 0 correct
parse-next-json-value: 320 0 0 0 0 0 correct
periods: 297 0 0 0 0 0 correct
property-validator: 297 0 0 0 0 0 correct
rimraf: 299 2 0 2 0 0 correct
rimraf: 321 2 0 2 0 0 correct
rimraf: 299 2 0 2 0 0 correct
rtrim: 297 0 0 0 0 0 correct
schema-inspector: 297 0 0 0 0 0 correct
set-value: 297 9 3 326 70 0.23569 correct
static-props: 297 3 0 20 0 0 correct
syncthrough: 322 2 2 8 2 0.00621 correct
through2: 322 6 2 60 2 0.00621 correct
through2-map: 297 0 0 0 0 0 correct
time-stamp: 297 4 0 162 0 0 correct
unordered-array-remove: 297 0 0 0 0 0 correct
zipmap: 297 7 0 41 0 0 correct
