algebra: 295 0 0 0 0 0 correct
array.chunk: 311 1 0 10 0 0 correct
array-first: 295 0 0 0 0 0 correct
array-last: 295 3 0 40 0 0 correct
array-range: 295 0 0 0 0 0 correct
arr-diff: 295 3 0 65 0 0 correct
arr-flatten: 295 3 0 965 0 0 correct
concat-stream: 295 12 0 485 0 0 correct
deep-bind: 295 0 0 0 0 0 correct
file-size: 295 5 0 285 0 0 correct
fs-promise: 295 1 0 2 0 0 correct
get-value: 318 5 0 1017 0 0 correct
group-array: 295 5 0 1868 0 0 correct
has-key-deep: 295 0 0 0 0 0 correct
has-value: 295 3 0 135 0 0 correct
he: 296 7 0 299 0 0 correct
identity-function: 295 0 0 0 0 0 correct
in-array: 295 0 0 0 0 0 correct
is-empty-object: 295 6 0 21 0 0 correct
is-generator: 295 0 2 0 3 0.01017 correct
is-number: 295 3 0 175 0 0 correct
is-promise: 295 0 0 0 0 0 correct
is-sorted: 295 3 0 65 0 0 correct
left-pad: 295 0 0 0 0 0 correct
missing-deep-keys: 295 0 0 0 0 0 correct
missing-deep-keys: 295 0 2 0 3 0.01017 correct
ndarray: 295 4 0 32 0 0 correct
node-du: 295 0 0 0 0 0 correct
node-glob: 323 2 0 2 0 0 correct
node-glob: 323 2 0 2 0 0 correct
node-glob: 323 10 0 78 0 0 correct
node-glob: 323 10 0 440 0 0 correct
node-glob: 320 8 0 81 0 0 correct
node-glob: 323 2 0 2 0 0 correct
node-glob: 323 2 0 2 0 0 correct
node-glob: 323 2 0 2 0 0 correct
node-glob: 323 10 0 422 0 0 correct
node-glob: 323 10 0 2413 0 0 correct
node-glob: 323 2 0 2 0 0 correct
node-glob: 323 5 0 12 0 0 correct
node-glob: 323 10 0 217 0 0 correct
node-glob: 323 10 0 152 0 0 correct
node-glob: 320 6 0 210 0 0 correct
node-glob: 323 2 0 2 0 0 correct
node-glob: 323 8 0 62 0 0 correct
node-glob: 323 10 0 274 0 0 correct
node-glob: 323 2 0 2 0 0 correct
node-glob: 323 10 0 278 0 0 correct
node-glob: 323 2 0 2 0 0 correct
node-glob: 323 12 0 2734 0 0 correct
node-glob: 323 10 0 144 0 0 correct
node-glob: 323 10 0 357 0 0 correct
node-glob: 323 5 0 7 0 0 correct
node-glob: 323 2 0 2 0 0 correct
node-glob: 323 2 0 2 0 0 correct
node-glob: 323 2 0 2 0 0 correct
node-slug: 296 2 0 16 0 0 correct
node-stream-spigot: 295 3 0 10 0 0 correct
normalize-pkg: 295 0 3 0 5 0.01695 correct
not-defined: 295 5 0 22 0 0 correct
once: 321 0 0 0 0 0 correct
pad-left: 295 0 0 0 0 0 correct
pad-left-simple: 295 0 0 0 0 0 correct
parse-next-json-value: 318 0 0 0 0 0 correct
periods: 295 0 0 0 0 0 correct
property-validator: 295 0 0 0 0 0 correct
rimraf: 301 2 0 2 0 0 correct
rimraf: 319 2 0 2 0 0 correct
rimraf: 300 2 0 2 0 0 correct
rtrim: 295 0 0 0 0 0 correct
schema-inspector: 295 0 0 0 0 0 correct
set-value: 295 9 3 326 70 0.23729 correct
static-props: 295 3 0 20 0 0 correct
syncthrough: 321 0 2 0 2 0.00623 correct
through2: 321 6 2 60 2 0.00623 correct
through2-map: 295 0 0 0 0 0 correct
time-stamp: 295 2 0 114 0 0 correct
unordered-array-remove: 295 0 0 0 0 0 correct
zipmap: 295 5 0 39 0 0 correct
