algebra: 11 26 0 53 0 0 correct
[2K[1A[2K[1A[2K[1A[2K[1A[2K[0Garray.chunk: 11 2 0 2 0 0 correct
array-last: 11 5 0 5 0 0 correct
array-range: 11 2 0 2 0 0 correct
arr-diff: 11 2 0 2 0 0 correct
arr-flatten: 11 2 0 2 0 0 correct
concat-stream: 11 7 0 11 0 0 correct
deep-bind: 11 5 0 5 0 0 correct
file-size: 11 2 1 2 2 0.18182 correct
fs-promise: 11 7 135 444 168 15.27273 correct
get-value: 11 5 0 5 0 0 correct
group-array: 11 10 0 20 0 0 correct
has-key-deep: 11 2 0 2 0 0 correct
has-value: 11 6 0 8 0 0 correct
he: 11 1 5 9 5 0.45455 correct
identity-function: 11 2 0 2 0 0 correct
in-array: 11 2 0 2 0 0 correct
is-empty-object: 11 2 0 2 0 0 correct
is-generator: 11 2 0 4 0 0 correct
is-number: 11 2 0 2 0 0 correct
is-promise: 11 2 0 2 0 0 correct
is-sorted: 11 2 0 2 0 0 correct
left-pad: 11 2 0 2 0 0 correct
missing-deep-keys: 11 6 0 8 0 0 correct
missing-deep-keys: 11 6 0 8 0 0 correct
ndarray: 11 6 0 8 0 0 correct
node-du: 11 7 0 11 0 0 correct
node-glob: 11 17 0 41 0 0 correct
node-glob: 11 17 0 41 0 0 correct
node-glob: 11 17 0 41 0 0 correct
node-glob: 11 17 0 41 0 0 correct
node-glob: 11 17 0 41 0 0 correct
node-glob: 11 17 0 41 0 0 correct
node-glob: 11 17 0 41 0 0 correct
node-glob: 11 17 0 41 0 0 correct
node-glob: 11 17 0 41 0 0 correct
node-glob: 11 17 0 41 0 0 correct
node-glob: 11 17 0 41 0 0 correct
node-glob: 11 17 0 41 0 0 correct
node-glob: 11 17 0 41 0 0 correct
node-glob: 11 17 0 41 0 0 correct
node-glob: 11 17 0 41 0 0 correct
node-glob: 11 17 0 41 0 0 correct
node-glob: 11 17 0 41 0 0 correct
node-glob: 11 17 0 41 0 0 correct
node-glob: 11 17 0 41 0 0 correct
node-glob: 11 17 0 41 0 0 correct
node-glob: 11 17 0 41 0 0 correct
node-glob: 11 17 0 41 0 0 correct
node-glob: 11 17 0 41 0 0 correct
node-glob: 11 17 0 41 0 0 correct
node-glob: 11 17 0 41 0 0 correct
node-glob: 11 17 0 41 0 0 correct
node-glob: 11 17 0 41 0 0 correct
node-glob: 11 17 0 41 0 0 correct
node-glob: 11 17 0 41 0 0 correct
node-slug: 11 5 1 5 2 0.18182 correct
node-stream-spigot: 11 7 0 17 0 0 correct
not-defined: 11 2 0 2 0 0 correct
once: 11 5 0 7 0 0 correct
pad-left: 11 5 0 5 0 0 correct
pad-left-simple: 11 2 0 2 0 0 correct
parse-next-json-value: 11 5 0 5 0 0 correct
periods: 11 1 14 14 14 1.27273 correct
property-validator: 11 10 0 20 0 0 correct
rimraf: 11 8 0 14 0 0 correct
rimraf: 11 8 0 14 0 0 correct
rimraf: 11 8 0 14 0 0 correct
rtrim: 11 2 0 2 0 0 correct
schema-inspector: 11 5 0 5 0 0 correct
set-value: 11 5 0 5 0 0 correct
static-props: 11 2 2 2 2 0.18182 correct
syncthrough: 11 8 0 14 0 0 correct
through2: 11 6 0 12 0 0 correct
through2-map: 11 6 0 14 0 0 correct
time-stamp: 11 2 0 2 0 0 correct
unordered-array-remove: 11 2 0 2 0 0 correct
zipmap: 11 2 3 2 6 0.54545 correct
