algebra: 572 26 0 53 0 0 correct
[2K[1A[2K[1A[2K[1A[2K[1A[2K[0Garray.chunk: 599 5 0 14 0 0 correct
array-last: 530 11 0 53 0 0 correct
array-range: 348 6 0 18 0 0 correct
arr-diff: 507 5 0 67 0 0 correct
arr-flatten: 530 5 0 967 0 0 correct
concat-stream: 434 19 2 474 26 0.05991 correct
deep-bind: 724 7 0 7 0 0 correct
file-size: 699 7 1 287 2 0.00286 correct
fs-promise: 541 8 135 446 168 0.31054 correct
get-value: 554 10 0 1022 0 0 correct
group-array: 1198 17 0 1890 0 0 correct
has-key-deep: 507 2 0 2 0 0 correct
has-value: 530 9 0 143 0 0 correct
he: 444 8 6 306 7 0.01577 correct
identity-function: 458 2 0 2 0 0 correct
in-array: 507 2 0 2 0 0 correct
is-empty-object: 388 8 0 23 0 0 correct
is-generator: 532 2 2 4 3 0.00564 correct
is-number: 530 5 0 177 0 0 correct
is-promise: 455 2 0 2 0 0 correct
is-sorted: 434 7 0 69 0 0 correct
left-pad: 348 2 0 2 0 0 correct
missing-deep-keys: 1220 6 0 8 0 0 correct
missing-deep-keys: 365 6 2 8 3 0.00822 correct
ndarray: 404 13 0 110 0 0 correct
node-du: 376 7 0 11 0 0 correct
node-glob: 370 17 0 41 0 0 correct
node-glob: 370 19 0 45 0 0 correct
node-glob: 370 26 0 121 0 0 correct
node-glob: 370 26 0 499 0 0 correct
node-glob: 574 26 0 186 0 0 correct
node-glob: 370 21 0 55 0 0 correct
node-glob: 370 19 0 49 0 0 correct
node-glob: 376 19 0 43 0 0 correct
node-glob: 370 26 0 465 0 0 correct
node-glob: 376 26 0 2456 0 0 correct
node-glob: 370 19 0 43 0 0 correct
node-glob: 370 22 0 69 0 0 correct
node-glob: 370 26 0 276 0 0 correct
node-glob: 370 26 0 201 0 0 correct
node-glob: 574 24 0 255 0 0 correct
node-glob: 370 19 0 43 0 0 correct
node-glob: 370 24 0 109 0 0 correct
node-glob: 370 26 0 325 0 0 correct
node-glob: 370 19 0 49 0 0 correct
node-glob: 370 26 0 319 0 0 correct
node-glob: 370 19 0 43 0 0 correct
node-glob: 376 28 0 2793 0 0 correct
node-glob: 370 26 0 189 0 0 correct
node-glob: 370 26 0 408 0 0 correct
node-glob: 376 21 0 48 0 0 correct
node-glob: 370 19 0 43 0 0 correct
node-glob: 370 19 0 45 0 0 correct
node-glob: 370 17 0 41 0 0 correct
node-slug: 652 7 1 21 2 0.00307 correct
node-stream-spigot: 435 10 0 27 0 0 correct
not-defined: 348 7 0 24 0 0 correct
once: 523 7 0 13 0 0 correct
pad-left: 507 5 0 5 0 0 correct
pad-left-simple: 530 4 0 8 0 0 correct
parse-next-json-value: 482 5 0 5 0 0 correct
periods: 348 1 14 14 14 0.04023 correct
property-validator: 507 10 0 20 0 0 correct
rimraf: 352 10 0 16 0 0 correct
rimraf: 538 10 0 16 0 0 correct
rimraf: 352 10 0 16 0 0 correct
rtrim: 530 2 0 2 0 0 correct
schema-inspector: 724 5 0 5 0 0 correct
set-value: 530 14 3 331 70 0.13208 correct
static-props: 445 5 2 22 2 0.00449 correct
syncthrough: 486 10 2 22 2 0.00412 correct
through2: 432 12 2 72 2 0.00463 correct
through2-map: 388 6 0 14 0 0 correct
time-stamp: 530 6 0 164 0 0 correct
unordered-array-remove: 458 2 0 2 0 0 correct
zipmap: 507 9 3 43 6 0.01183 correct
