algebra: 304 26 0 53 0 0 correct
[2K[1A[2K[1A[2K[1A[2K[1A[2K[0Garray.chunk: 320 5 0 14 0 0 correct
array-last: 304 11 0 53 0 0 correct
array-range: 304 6 0 18 0 0 correct
arr-diff: 304 5 0 67 0 0 correct
arr-flatten: 304 5 0 967 0 0 correct
concat-stream: 304 19 2 474 26 0.08553 correct
deep-bind: 304 7 0 7 0 0 correct
file-size: 304 7 1 287 2 0.00658 correct
fs-promise: 304 8 135 446 168 0.55263 correct
get-value: 327 10 0 1022 0 0 correct
group-array: 304 17 0 1890 0 0 correct
has-key-deep: 304 2 0 2 0 0 correct
has-value: 304 9 0 143 0 0 correct
he: 305 8 6 306 7 0.02295 correct
identity-function: 304 2 0 2 0 0 correct
in-array: 304 2 0 2 0 0 correct
is-empty-object: 304 8 0 23 0 0 correct
is-generator: 304 2 2 4 3 0.00987 correct
is-number: 304 5 0 177 0 0 correct
is-promise: 304 2 0 2 0 0 correct
is-sorted: 304 7 0 69 0 0 correct
left-pad: 304 2 0 2 0 0 correct
missing-deep-keys: 304 6 0 8 0 0 correct
missing-deep-keys: 304 6 2 8 3 0.00987 correct
ndarray: 304 13 0 110 0 0 correct
node-du: 304 7 0 11 0 0 correct
node-glob: 330 17 0 41 0 0 correct
node-glob: 330 19 0 45 0 0 correct
node-glob: 330 26 0 121 0 0 correct
node-glob: 330 26 0 499 0 0 correct
node-glob: 329 26 0 186 0 0 correct
node-glob: 330 21 0 55 0 0 correct
node-glob: 330 19 0 49 0 0 correct
node-glob: 330 19 0 43 0 0 correct
node-glob: 330 26 0 465 0 0 correct
node-glob: 330 26 0 2456 0 0 correct
node-glob: 330 19 0 43 0 0 correct
node-glob: 330 22 0 69 0 0 correct
node-glob: 330 26 0 276 0 0 correct
node-glob: 330 26 0 201 0 0 correct
node-glob: 329 24 0 255 0 0 correct
node-glob: 330 19 0 43 0 0 correct
node-glob: 330 24 0 109 0 0 correct
node-glob: 330 26 0 325 0 0 correct
node-glob: 330 19 0 49 0 0 correct
node-glob: 330 26 0 319 0 0 correct
node-glob: 330 19 0 43 0 0 correct
node-glob: 330 28 0 2793 0 0 correct
node-glob: 330 26 0 189 0 0 correct
node-glob: 330 26 0 408 0 0 correct
node-glob: 330 21 0 48 0 0 correct
node-glob: 330 19 0 43 0 0 correct
node-glob: 330 19 0 45 0 0 correct
node-glob: 330 17 0 41 0 0 correct
node-slug: 305 7 1 21 2 0.00656 correct
node-stream-spigot: 304 10 0 27 0 0 correct
not-defined: 304 7 0 24 0 0 correct
once: 330 7 0 13 0 0 correct
pad-left: 304 5 0 5 0 0 correct
pad-left-simple: 304 4 0 8 0 0 correct
parse-next-json-value: 327 5 0 5 0 0 correct
periods: 304 1 14 14 14 0.04605 correct
property-validator: 304 10 0 20 0 0 correct
rimraf: 307 10 0 16 0 0 correct
rimraf: 328 10 0 16 0 0 correct
rimraf: 307 10 0 16 0 0 correct
rtrim: 304 2 0 2 0 0 correct
schema-inspector: 304 5 0 5 0 0 correct
set-value: 304 14 3 331 70 0.23026 correct
static-props: 304 5 2 22 2 0.00658 correct
syncthrough: 330 10 2 22 2 0.00606 correct
through2: 330 12 2 72 2 0.00606 correct
through2-map: 304 6 0 14 0 0 correct
time-stamp: 304 6 0 164 0 0 correct
unordered-array-remove: 304 2 0 2 0 0 correct
zipmap: 304 9 3 43 6 0.01974 correct
